,category,title,press,content,period
0,정치,"민주당 '쇄신'의 목적지, 국민의힘 '밀당'의 종착지",한겨레 ,"
                        2021년 11월29일은 제20대 대선 D-100일이다. 이재명 더불어민주당 대선 후보와 선거대책위원회는 반성, 변화, 쇄신을 꾀하고 있다. 현재 구성 중인 윤석열 국민의힘 선...
                    ", 2021.11.26
1,정치,"김부겸 ""단계적 일상회복, 되돌리기 어려워""..거리두기 강화 신중론",한겨레 ,"
                        김부겸 국무총리가 26일 단계적 일상회복(위드 코로나) 시행 뒤 코로나19 확진자 수가 빠르게 증가하고 있지만 “되돌아가기 쉽지 않다”고 말했다. 감염 확산 방지를 ...
                    ", 2021.11.26
2,정치,"윤석열의 첫 100일, 남은 100일",한겨레 ,"
                        윤석열 국민의힘 대선 후보가 검찰총장직에서 물러난 게 지난 3월4일이다. 그로부터 100여일 뒤, 그는 잠행을 깨고 정치 행보에 돌입해, 6월 말 정치 참여를 공식적으로...
                    ", 2021.11.26
3,정치,"이재명, 조카 '교제살인' 유족에 사과..""데이트폭력 표현, 미숙했다""",한겨레 ,"
                        이재명 더불어민주당 대선 후보가 과거 조카가 저지른 ‘교제 살인’ 사건의 유가족에게 “다시 한 번 진심으로 사과드린다”고 밝혔다. 피해자 유족이 언론 인터뷰에서...
                    ", 2021.11.26
4,정치,"'김종인 없이' 시동 건 윤석열 선대위, 운전대는 김병준 몫?",한겨레 ,"
                        김병준 국민의힘 선거대책위원회 상임위원장이 26일 윤석열 후보와 면담한 뒤 “제가 가진 모든 걸 다 쏟아붓겠다”며 본격적인 활동을 시작했다. 윤 후보가 김종인 전 ...
                    ", 2021.11.26
5,정치,"이재명 ""호남 없으면 민주당 없다"" 3박4일 열띤 구애",한겨레 ,"
                        “호남이 없으면 민주당이 없습니다.” 이재명 더불어민주당 대선 후보가 26일 전남 목포시 동부시장에서 “호남의 희생과 헌신 덕에 이 나라의 민주주의가 튼튼하게 뿌...
                    ", 2021.11.26
6,정치,"국정원 1차장에 박선원, 2차장에 천세영",한겨레 ,"
                        문재인 대통령이 26일 국정원 1차장에 박선원 기획조정실장, 2차장에 천세영 대공수사국장, 기획조정실장에 노은채 국정원장 외교안보특별보좌관을 내정했다. 박선원 1...
                    ", 2021.11.26
7,정치,"'호남 구애' 나선 이재명 ""복수혈전에 미쳐있는 세력이 과거로 돌릴 것""",한겨레 ,"
                        [2022 대선] 이재명 더불어민주당 대선 후보가 호남 ‘매타버스(매주 타는 민생버스)’ 첫 일정으로 목포를 방문해 ‘호남의 개혁 정신을 실천하지 못했다’며 거듭 반...
                    ", 2021.11.26
8,정치,"윤석열 선대위 'KT 특혜채용' 혐의 김성태 중용..여 ""2030 도발""",한겨레 ,"
                        딸의 케이티(KT) 특혜 채용 뇌물 혐의로 재판 중인 김성태 전 의원이 국민의힘 선거대책위원회 직능총괄본부장으로 선임되자 ‘이런 게 윤석열의 공정이냐’라는 비판이...
                    ", 2021.11.26
9,정치,"'KT 특혜채용' 김성태 선대위 합류에 ""윤석열의 공정은 무엇이냐"" 비판",한겨레 ,"
                        [2022 대선] 윤석열 국민의힘 대선 후보가 딸의 케이티(KT) 특혜 채용 뇌물 혐의로 재판 중인 김성태 전 의원을 선거대책위원회 직능총괄본부장으로 선임하자 ‘윤 후보...
                    ", 2021.11.26
10,정치,"조수진, 이재명에 ""포르노 배우가 순정파 둔갑"" 또 논란",한겨레 ,"
                        국민의힘 선거대책위원회 공보단장으로 선임된 조수진 최고위원은 흑발로 염색하며 이미지 변신을 시도한 이재명 더불어민주당 대선 후보를 겨냥해 “포르노 배우가 순...
                    ", 2021.11.26
11,정치,"[갤럽] 진보층 줄고, 보수층 늘었다..""난 진보적"" 37→22%",한겨레 ,"
                        국정농단 사태 직후인 2017년 37%였던 진보층 비중이 22%로 줄어들었다는 여론조사 결과가 나왔다. 한국갤럽이 지난 23∼25일 전국 성인 1005명을 대상으로 ‘본인의 정...
                    ", 2021.11.26
12,정치,민주당이 '윤석열 무지' 자꾸 꺼내는 까닭은?,한겨레 ,"
                        더불어민주당이 이재명·윤석열 대선 후보 이미지를 조사한 결과, 이 후보의 ‘추진력’, 윤 후보의 ‘강직함’이 긍정적인 특징으로 꼽혔다. 부정어로는 이 후보의 경...
                    ", 2021.11.26
13,정치,"윤석열 ""차별금지법, 일률적으로 가면 개인자유 침해""",한겨레 ,"
                        윤석열 국민의힘 대선 후보는 25일 “평등을 지향하고 차별을 막겠다고 하는 차별금지법도 개별 사안마다 신중하게 형량(결정)이 안 돼서 일률적으로 가다 보면, 개인의...
                    ", 2021.11.25
14,정치,"[단독] '경인선 지하화'..민주당, 구로역 등 대규모 주택부지 검토",한겨레 ,"
                        이재명 더불어민주당 대선 후보 선거대책위원회가 서울 시내 대규모 주택 공급을 위해 경인선을 지하화하고 구로역 등 기존 역 부지에 주택을 공급하는 방안을 논의한 ...
                    ", 2021.11.25
15,정치,[공덕포차] 뿔난 김종인과 납작 엎드린 이재명,한겨레 ,"
                        [시사맛집 공덕포차 시즌3] 선대위 출범을 앞두고 ‘또’ 긴급 회동을 한 윤석열 후보와 김종인 전 위원장! 하지만 ‘또’ 결렬되며 다시 한번 입장차를 확인했는데요~ ...
                    ", 2021.11.25
16,정치,"윤석열 ""1분1초 아껴야""..김종인 일단 빼고 선대위 '개문발차'",한겨레 ,"
                        윤석열 국민의힘 대선 후보가 25일 선대위 총괄선거대책위원장 자리를 비워둔 채 총괄본부장급을 임명하며 선대위 본격 출범을 선언했다. 김종인 전 비상대책위원장과 ...
                    ", 2021.11.25
17,정치,'성소수자 혐오' 판 깔아준 민주당,한겨레 ,"
                        25일 오후 서울 여의도 국회 의원회관 대회의실에서 열린 ‘평등법(차별금지법)’ 토론회. 방청석에 앉아 토론을 지켜보던 한 남성이 눈을 질끈 감았다. 토론회에서 차...
                    ", 2021.11.25
18,정치,"이재명 ""북핵, 바이든-김정은 만나서 풀겠다""",한겨레 ,"
                        이재명 더불어민주당 대선후보가 25일 북핵 문제와 관련해 “조건부 제재 완화와 단계적 동시행동이란 해법을 들고 조 바이든 미국 대통령과 김정은 북한 국무위원장을 ...
                    ", 2021.11.25
19,정치,"박창달, 국민의힘 탈당 엿새 만에 '이재명 지지' 선언",한겨레 ,"
                        45년 간 보수 정당에 몸 담았던 박창달 전 한나라당 의원이 이재명 후보를 돕기로 했다. 이 후보와 박 전 의원은 이날 오후 서울 광화문의 한 식당에서 만났고 박 전 의...
                    ", 2021.11.25
20,정치,"BTS 병역특례, 다시 불붙은 그 까닭은",한겨레 ,"
                        아메리칸 뮤직 어워드(AMA) 대상을 받아 세계적 명성을 다시 확인한 그룹 방탄소년단(BTS)이 군대를 가야 할까. 몇년 전부터 옥신각신하던 방탄소년단 대체복무(병역특...
                    ", 2021.11.25
21,정치,"정의용 ""'위안부' 생존자 세상 떠나 잊히길 바라는 건 부도덕""",한겨레 ,"
                        정의용 외교부 장관이 25일 일제강점기 일본군 ‘위안부’ 생존자인 이용수 할머니의 사례를 들면서 “이들의 명예와 존엄을 회복하고, 이러한 참극이 절대로 잊히거나 ...
                    ", 2021.11.25
22,정치,다음달 2일 서울서 한미안보협의회 개최,한겨레 ,"
                        제53차 한미안보협의회의(SCM)가 다음달 2일 서울에서 개최된다고 25일 국방부가 밝혔다. 이 회의는 한국과 미국 국방장관간 연례 회의로 올 1월 조 바이든 미 행정부 ...
                    ", 2021.11.25
23,정치,평균 88살..사할린동포법 첫 대상 1세대 21명 영주귀국한다,한겨레 ,"
                        평균 나이 여든여덟 사할린동포 1세대 21명이 70여년 만에 ‘사할린동포 지원에 관한 특별법’의 첫 대상자로 선정돼 27일 영주귀국길에 오른다. 외교부 당국자는 25일 ...
                    ", 2021.11.25
24,정치,"기재부, '가상자산 과세 유예안' 반대..여야, 26일 재논의",한겨레 ,"
                        내년부터 실시될 예정인 가상자산에 대한 과세를 최소 1년 유예하는 법률 개정안이 국회 상임위원회 논의 과정에서 다시 한 번 정부 반대에 부딪혔다. 하지만 조만간 여...
                    ", 2021.11.25
25,정치,"문 대통령, 차별금지법 필요성 '첫 언급'..제정은 언제?",한겨레 ,"
                        문재인 대통령이 25일 국회가 논의를 미룬 ‘차별금지법 제정에 대해 “우리가 인권선진국이 되기 위해서 반드시 넘어서야 할 과제”라고 말했다. 문 대통령은 이날 명...
                    ", 2021.11.25
26,정치,'이재명 민주당' 만들기..주요 당직도 머리색도 싹 바꿨다,한겨레 ,"
                        더불어민주당이 25일 사무총장에 이재명 대선 후보의 최측근인 김영진 의원을, 전략기획위원장에는 강훈식 의원을 임명했다. 두 사람 모두 재선 의원으로 기동성이 있는...
                    ", 2021.11.25
27,정치,[전국지표조사] 윤석열 35% - 이재명 32%..오차범위 내 접전,한겨레 ,"
                        이재명 더불어민주당 후보와 윤석열 국민의힘 후보가 차기 대선주자 지지도 조사에서 오차범위 안에서 경합하는 결과가 나왔다. 엠브레인퍼블릭·케이스탯리서치·코리...
                    ", 2021.11.25
28,정치,"김종인 ""나한테 최후통첩 했다고 주접 떨어놨던데..""",한겨레 ,"
                        [2022 대선] 김종인 전 국민의힘 비상대책위원장이 윤석열 후보 선거대책위원회 합류 여부와 관련해 “더 이상 물러나지 않겠다”고 밝혔다. 김 전 위원장은 25일 오전 ...
                    ", 2021.11.25
29,정치,"이재명  ""탄소감축 하향이라니? 윤석열, 무지 그 자체""",한겨레 ,"
                        [2022 대선] 이재명 더불어민주당 대선 후보가 윤석열 국민의힘 후보의 ‘탄소감축 하향’ 주장을 “망국적 포퓰리즘”이라고 비판했다. 이 후보는 25일 페이스북에 “...
                    ", 2021.11.25
30,정치,"문 대통령 ""여성의 안전이 사회의 안전""",한겨레 ,"
                        문재인 대통령이 ‘여성폭력 추방주간’을 맞아 “여전히 폭력에 희생당하는 여성들이 있어 마음 아프다”면서 “여성의 안전이 곧 사회의 안전”이라는 글을 썼다. 문 ...
                    ", 2021.11.25
31,정치,"이준석 ""김종인 없이 간다면 김병준 등 다른 총괄 세워야""",한겨레 ,"
                        [2022 대선] 이준석 국민의힘 대표가 김종인 전 비상대책위원장이 합류하지 못할 경우 김병준 상임선대위원장을 포함한 다른 인사를 총괄선대위원장으로 세워야 한다며 ...
                    ", 2021.11.25
32,정치,"[예언해줌] ""윤석열, 김종인 잃고 얻은 게 없다""",한겨레 ,"
                        [it슈 예언해줌] 윤석열 국민의힘 대선후보가 구상하던 ‘3김 선대위’ 구상이 틀어졌습니다. 김종인 전 위원장은 “더 이상 정치 문제에 대해 이야기하고 싶지 않다”...
                    ", 2021.11.24
33,정치,"문 대통령 ""국내 수상태양광 잠재력, 원전 9기에 해당""",한겨레 ,"
                        문재인 대통령이 24일 합천 수상태양광 발전 현장을 방문해 “국내 최대이자 세계 10위의 부유식 수상태양광 발전이 시작되었다”면서 “온실가스 2만6천톤과 미세먼지 ...
                    ", 2021.11.24
34,정치,"이재명 '교제살인' 조카 변호 사과..""데이트폭력 대책 강구할 것""",한겨레 ,"
                        이재명 더불어민주당 대선 후보가 ‘교제살인’을 저지른 조카를 변호했던 일을 사과하며 “여성 안전을 위한 특별대책을 강구하겠다”고 밝혔다. 이 후보는 24일 페이...
                    ", 2021.11.24
35,정치,민주당 당직자 일괄 사퇴..선대위 이어 당도 쇄신 작업 돌입,한겨레 ,"
                        [2022 대선] 더불어민주당 사무총장과 정책위의장 등 핵심 당직자들이 대선을 앞두고 당 쇄신 차원에서 사의를 표명했다. 이를 계기로 이재명 민주당 대선 후보를 중심...
                    ", 2021.11.24
36,정치,추징 어려운 956억..민주당 '전두환 끝장환수법' 재추진,한겨레 ,"
                        더불어민주당이 고 전두환씨의 미납 추징금을 환수하기 위한 법 개정에 나선다. 추징 대상자가 사망하더라도 ‘상속재산’을 추징할 수 있는 형사소송법 개정이 유력하...
                    ", 2021.11.24
37,정치,"'선대위 갈등' 윤석열-김종인, 만찬회동 뒤에도 '빈손'",한겨레 ,"
                        윤석열 국민의힘 대선 후보가 24일 김종인 전 비상대책위원장을 만나 선대위 합류를 요청했지만 김 전 위원장은 확답을 내놓지 않았다. 김병준 상임선대위원장 선임 등...
                    ", 2021.11.24
38,정치,"'자녀 채용 뇌물' 재판 중 김성태, 윤석열 선대위 직능총괄본부장 유력",한겨레 ,"
                        윤석열 국민의힘 대선 후보의 선거대책위원회 실무 본부장급 인선이 진행되고 있는 가운데 뇌물 혐의로 재판을 받는 김성태 전 의원이 직능총괄본부장으로 유력하게 거...
                    ", 2021.11.24
39,정치,"""정기국회서 민생입법 처리를"" 이재명표 정책 속도전 촉구",한겨레 ,"
                        [2022 대선] “깊이 성찰하고 반성하고 앞으로는 지금까지와는 완전히 다른, 변화되고 혁신된 새로운 민주당으로 거듭나겠다는 의미로 제가 사죄의 절을 한 번 드리도록...
                    ", 2021.11.24
40,정치,"'전두환 조문' 냉랭한 정치권..국민의힘, 논평도 생략",한겨레 ,"
                        전두환씨가 사망한 지 이틀째인 24일 정치권에선 냉랭한 분위기만 감돌았다. 국민의힘에서도 일부 의원들이 조문을 갔지만 전씨에 대한 평가를 자제하는 분위기였고 이...
                    ", 2021.11.24
41,정치,'민주당 꼰대 짓 그만해라 위원회' ..이재명 직통 청년선대위 꾸려,한겨레 ,"
                        더불어민주당과 정의당이 기존 선거대책위원회와 독립된 청년선대위를 별도로 꾸려 당 안팎 청년들에게 전권을 맡기기로 했다. 청년을 들러리로 세우던 기존 관행에서 ...
                    ", 2021.11.24
42,정치,"이인영 ""통일부, 가장 본질적·현실적 명칭""..'남북관계부' 변경 부정적",한겨레 ,"
                        이인영 통일부 장관은 “‘통일부’는 가장 본질적이고 현실적인 명칭이라고 생각한다”고 밝혔다. 이인영 장관은 24일 오전 서울 종로구 남북회담본부에서 한 시간 남...
                    ", 2021.11.24
43,정치,"심상정 ""주4일제·신노동법 패키지로 가야..단일화 절대 없다""",한겨레 ,"
                        심상정 정의당 대통령 선거 후보가 대표 공약인 ‘주 4일 근무제’로 인해 노동 양극화가 야기될 수 있다는 지적에 대해 “그래서 주 4일제와 신노동법이 패키지로 가야...
                    ", 2021.11.24
44,정치,"청 정책실장 ""종부세는 '노블리스 오블리주'로 이해할 수도""",한겨레 ,"
                        이호승 청와대 정책실장이 종합부동산세(종부세) 부담이 커지는 것과 관련해 “세수 대부분이 취약한 지방에 우선적으로 배분되는 구조를 가지고 있다”면서 “자산 여...
                    ", 2021.11.24
45,정치,"""전두환 조문 갈까요?"" '홍문청답'에 물은 홍준표..'적극만류'에 철회",한겨레 ,"
                        국민의힘 대선 경선에서 떨어진 홍준표 의원이 전두환씨의 빈소에 조문을 갈지 청년들에게 의견을 물었다가 만류하는 의견이 폭발하자 “조문을 가지 않겠다”는 입장을...
                    ", 2021.11.24
46,정치,"강민진 ""이준석, 모든 여경들에 사과해야""",한겨레 ,"
                        강민진 청년정의당 대표는 24일 “이준석 국민의힘 대표가 모든 여경들 앞에서 사과해야 한다”고 말했다. 이 대표가 경찰의 인천·양평 흉기난동사건 부실대응과 관련...
                    ", 2021.11.24
47,정치,"[리얼미터] 윤석열 44.1%, 이재명 37%..윤 하락, 이 상승세",한겨레 ,"
                        윤석열 국민의힘 대통령 선거 후보가 차기 대선 주자 가상 다자대결에서 이재명 더불어민주당 후보를 7.1%차로 앞선다는 여론조사 결과가 나왔다. 다만 두 후보의 격차...
                    ", 2021.11.24
48,정치,"김부겸 ""수도권, 비상계획 발동 검토해야 할 급박한 상황""",한겨레 ,"
                        김부겸 국무총리가 24일 단계적 일상회복에 따른 코로나19 확진자 수가 급증과 관련해 “수도권만 놓고 보면 언제라도 비상계획 발동을 검토해야 하는 급박한 상황”이...
                    ", 2021.11.24
49,정치,"""팬덤 정치는 민주주의 아냐..부끄러운 줄 알아야 한다""",한겨레 ,"
                        김부겸을 오래 지켜본 지인들의 감정은 ‘의아함 반, 안타까움 반’이다. ‘좋은 스펙에 친화력과 학습능력, 정치적 스토리까지 갖췄는데, 대중 정치인으로는 왜 그렇게...
                    ", 2021.11.24
50,정치,"정부 ""미국이 제안한 비축유 공동 방출 동참""",한겨레 ,"
                        한국 정부도 조 바이든 미국 행정부가 제안한 전략 비축유 방출에 동참하기로 결정했다. 외교부와 산업통상자원부는 23일 보도자료를 내어 “정부는 미국이 제안한 비축...
                    ", 2021.11.23
51,정치,가상자산 사업자 불공정거래 행위에 '최고 5년 이상 징역형' 검토,한겨레 ,"
                        금융당국이 가상자산 사업자의 시세조종 등 불공정거래 행위에 최대 5년 이상의 징역형으로 처벌하는 방안을 추진 중이다. 금융위원회가 23일 국회 정무위원회 소속 윤...
                    ", 2021.11.23
52,정치,심상정 '주4일제는 던져졌다' 캠페인 본격 시동,한겨레 ,"
                        심상정 정의당 대선 후보가 1호 공약인 ‘주 4일제’ 알리기에 나섰다. 심 후보는 23일 서울 신촌에서 ‘주 4일제는 던져졌다’라는 이름의 토크쇼 형식 캠페인을 열고 ...
                    ", 2021.11.23
53,정치,"""대선 후보들 '지속가능한 대북정책 위한 협치위' 공약 해야 해요""",한겨레 ,"
                        “여야 대선 후보들은 ‘지속가능한 대북정책’을 위한 협치위원회를 당선 직후 설치·운영하겠다는 공약을 이제라도 해야 합니다.” 원로 북한 전문가이자 국제정치학...
                    ", 2021.11.23
54,정치,"이재명 ""윤석열 가족 비리, 조국과 비교 안 돼""",한겨레 ,"
                        이재명 더불어민주당 대선 후보가 자녀 입시 비리와 사모펀드 관련 의혹으로 재판을 받고 있는 조국 전 법무부 장관을 향해 “작은 티끌이라도 책임을 져야 한다”고 말...
                    ", 2021.11.23
55,정치,"이재명 ""디지털 영역에 대규모 국가 투자""..'디지털 대전환' 공약",한겨레 ,"
                        [2022 대선] 이재명 더불어민주당 대선 후보가 디지털 영역에 대규모 국가 투자를 통해 일자리와 부가가치를 창출하겠다는 ‘디지털 대전환’ 공약을 내놨다. 1호 공약...
                    ", 2021.11.23
56,정치,"'원팀' 절실한 윤석열, 경선주자들에 ""만나자""..홍준표·유승민 '거부'",한겨레 ,"
                        윤석열 국민의힘 대선 후보가 23일 경선에서 경쟁을 펼쳤던 예비후보들과 오찬 회동을 갖고 ‘원팀 다지기’에 나섰다. 하지만 윤 후보와 거리를 두고 있는 홍준표 의원...
                    ", 2021.11.23
57,정치,결별이냐 봉합이냐..윤석열-김종인 '치킨 게임' 결과는,한겨레 ,"
                        ‘3김(김종인·김병준·김한길) 선거대책위원회’ 구성안을 두고 윤석열 국민의힘 대선후보와 김종인 전 비상대책위원장이 ‘치킨 게임’을 벌이고 있다. 김 전 위원장...
                    ", 2021.11.23
58,정치,"안철수 ""전두환, 사과 없이 생 마감한 것 유감""",한겨레 ,"
                        안철수 국민의당 대선 후보가 23일 전두환씨 사망에 대해 “국민께 사과하지 않은 채 생을 마감한 것은 유감스럽다”는 입장을 밝혔다. 안 후보는 이날 오후 페이스북에...
                    ", 2021.11.23
59,정치,"여야, 전두환 죽음에 냉랭..'반성' 노태우 때와 달라",한겨레 ,"
                        [전두환 사망] 한 달여전 노태우 빈소를 찾아 애도의 뜻을 표했던 여야 대표는 전두환씨가 사망한 23일 조문할 계획이 없다고 밝혔다. 두 사람의 죽음을 대하는 방식의 ...
                    ", 2021.11.23
60,정치,"청와대 ""전두환 조문도, 조화도, 장례지원도 없다""",한겨레 ,"
                        문재인 대통령이 전두환씨 빈소를 찾아 조문을 하거나 조화를 보내지 않기로 했다. 청와대는 유족들이 가족장으로 치를 뜻을 밝혔다며 정부 차원의 장례 지원도 없다는 ...
                    ", 2021.11.23
61,정치,"'나홀로 조문' 우려했나..윤석열, 전두환 조문계획 번복",한겨레 ,"
                        “군사 쿠데타와 5·18만 빼면 정치는 잘했다고 말하는 분들이 많다”는 ‘전두환 옹호’ 발언으로 물의를 빚었던 윤석열 국민의힘 대선 후보가 23일 전씨 조문 계획을 ...
                    ", 2021.11.23
62,정치,"윤석열, 전두환 조문 오락가락..2시간 만에 ""안 하기로""",한겨레 ,"
                        윤석열 국민의힘 대선 후보가 23일 사망한 전두환씨를 조문할 뜻을 밝혔다가 다시 이를 번복하는 등 오락가락하는 모습을 보였다. 윤 후보는 이날 서울 여의도의 한 식...
                    ", 2021.11.23
63,정치,"문 대통령, BTS 대상에 ""이제는 자부심 가질 만하지 않나요?""",한겨레 ,"
                        문재인 대통령이 23일 오후 에스엔에스(SNS)를 통해 그룹 방탄소년단(BTS)의 에이엠에이(AMA·아메리칸 뮤직 어워즈) 대상 수상을 축하했다. 문 대통령은 “한국의 문화...
                    ", 2021.11.23
64,정치,"송영길 ""전두환 조문·국가장 안해..추징금 사후 집행 검토중""",한겨레 ,"
                        [전두환 사망] 송영길 더불어민주당 대표가 23일 사망한 전두환씨를 조문하거나 빈소에 조화를 보내는 등의 추모 계획이 전혀 없다고 밝혔다. 송 대표는 956억원에 이르...
                    ", 2021.11.23
65,정치,"윤석열 ""박원순 서울시, 친여 단체 금고""..오세훈 발언 '복붙'",한겨레 ,"
                        윤석열 국민의힘 대선 후보가 “박원순 시장 시절 서울시는 친여 시민단체 금고나 다름없었다”고 말했다. “서울시 곳간은 시민단체 전용 에이티엠기(ATM·현금자동인...
                    ", 2021.11.23
66,정치,"장제원 ""자리 탐한 적 없다..윤 후보 곁 떠날 것""",한겨레 ,"
                        [2022 대선] 윤석열 국민의힘 대선후보의 비서실장으로 거론되던 장제원 의원이 23일 “윤 후보 곁을 떠나겠다”고 밝혔다. 윤 후보와 김종인 전 비상대책위원장이 장 ...
                    ", 2021.11.23
67,정치,"윤석열 ""전두환 조문..전직 대통령이니까 가야 하지 않겠나""",한겨레 ,"
                        [전두환 사망] ‘전두환 옹호’ 발언으로 물의를 빚었던 윤석열 국민의힘 대선 후보가 23일 사망한 전씨 빈소를 찾아가 직접 조문할 뜻을 밝혔다. 윤 후보는 이날 서울 ...
                    ", 2021.11.23
68,정치,[예언해줌]파국?봉합? 국힘 선대위 '윤vs김' 밀당 결말은?,한겨레 ,"
                        이번 주 완터치 3K쇼 뉴스 ‘예언해줌 라이브’는 지지율 정체 속에 선대위 쇄신 전권을 위임받아 ‘새로운 민주당’ 이틀째를 맞은 더불어민주당 이재명 대선 후보가 ...
                    ", 2021.11.23
69,정치,"심상정 ""전두환 '성찰 없는 죽음' 그조차 유죄""",한겨레 ,"
                        [전두환 사망] 심상정 정의당 대선 후보가 23일 사망한 전두환씨에 대해 “성찰 없는 죽음은 그조차 유죄”라며 비판했다. 심 후보는 이날 입장문을 내어 “전두환씨가 ...
                    ", 2021.11.23
70,정치,"이재명 ""학살 주범 전두환 반성 없어..5·18 진상규명 계속돼야""",한겨레 ,"
                        [전두환 사망] 이재명 더불어민주당 대선 후보가 23일 사망한 전두환씨에 대해 “최하 수백명을 살상했던, 자신의 사적 욕망을 위해 국가권력을 찬탈했던 결코 용서받을...
                    ", 2021.11.23
71,정치,"학살자 전두환, 반성 없이 죽다",한겨레 ,"
                        군사반란으로 정권을 찬탈하고, 내란을 일으켜 시민을 학살한 뒤 고문과 압제로 인권을 유린했던 독재자 전두환이 23일 사망했다. 한국 현대사에 치...
                    ", 2021.11.23
72,정치,"유인태 ""김종인, 나온다..'별의 순간' 놓치고 싶지 않을 것""",한겨레 ,"
                        유인태 전 국회사무총장이 국민의힘 선거대책위원회 참여를 놓고 윤석열 후보와 기싸움 중인 김종인 전 국민의힘 비상대책위원장이 결국엔 선대위에 합류할 것으로 관측...
                    ", 2021.11.23
73,정치,"김종인 ""더이상 정치 문제 얘기 안해..일상 회귀"" 선긋기",한겨레 ,"
                        김종인 국민의힘 전 비상대책위원장이 윤석열 대선 후보 선거대책위원회 합류에 선을 그으며 “더이상 정치 문제에 대해 얘기하고 싶지 않다”고 말했다. 이어 “(윤 후...
                    ", 2021.11.23
74,정치,"김부겸 ""여당 확장재정 요구하는데..인플레이션 염두에 둬야""",한겨레 ,"
                        김부겸 국무총리가 여당의 확장재정 요구에 물가 상승 등을 고려해 신중하게 대응할 수밖에 없다는 입장을 밝혔다. 김 총리는 지난 22일 오후 세종 총리공관에서 연 기...
                    ", 2021.11.23
75,정치,"문재인 정부와 차별화 나선 이재명, 민주당 점퍼도 벗었다",한겨레 ,"
                        [2022 대선]
                    ", 2021.11.23
76,정치,"국민의힘 '배우자 포럼' 추진..""새마을 부녀회냐"" ""김건희 등판돕기""",한겨레 ,"
                        “2021년에 이게 무슨 일입니까? 배우자 포럼이라길래, ‘배우자’(Let’s learn), ‘공부하자’(Let’s study)의 의미인줄 알았습니다.” (홍주희 정의당 선대위 청년...
                    ", 2021.11.23
77,정치,'여경 무용론' 부추긴 이준석..흉기난동 사건 '젠더 갈라치기',한겨레 ,"
                        이준석 국민의힘 대표가 22일 인천·양평의 흉기난동 사건을 언급하며 “국민은 남성·여성 관계없이 위기 상황에서 국민 재산과 생명을 지킬 경찰공무원 임용을 기대하...
                    ", 2021.11.22
78,정치,"김영삼 6주기 모인 대선 후보들..""통합과 개혁"" 목소리",한겨레 ,"
                        [2022 대선] 여야 대선 후보들이 김영삼 전 대통령 6주기를 맞아 묘역을 참배하며 ‘통합’과 ‘개혁’을 외쳤다. 22일 서울 동작구 국립서울현충원에서 열린 김 전 대...
                    ", 2021.11.22
79,정치,"김종인 인선 불만 ""참여 안한다""..국민의힘 선대위 출범 다시 덜컹",한겨레 ,"
                        김종인 전 국민의힘 비상대책위원장이 22일 국민의힘 대선 선거대책위원회 합류 거부 의사를 이준석 대표에게 전달한 것으로 확인됐다. 윤석열 대선 후보는 이날 김 전 ...
                    ", 2021.11.22
80,정치,소통한다 했지만..아쉬움 남긴 '국민과의 대화',한겨레 ,"
                        21일 문재인 대통령과 국민이 2년 만에 직접 마주한 ‘국민과의 대화’. 100분 사이 모두 26개의 질문이 오가는 동안, 문 대통령은 15번째에 청년 실업과 부동산 대책 ...
                    ", 2021.11.22
81,정치,현장 살리고 실무자 중심 간소화..'전권 쥔 이재명' 선대위 개편 속도,한겨레 ,"
                        [2022 대선] 더불어민주당이 선거대책위원회를 혁신하기 위한 모든 권한을 이재명 대선 후보에 위임하기로 하면서 개편 방안에 눈길이 쏠리고 있다. 이 후보 쪽에선 ‘...
                    ", 2021.11.22
82,정치,[포토] 여야 대선 후보 5인 한자리에,한겨레 ,"
                        여야를 비롯한 대선 후보들이 고 김영삼 전 대통령 서거 6주기 추모식에 나란히 참석했다. (▶관련기사: 김영삼 6주기 모인 대선 후보들…“통합과 개혁” 목소리 https...
                    ", 2021.11.22
83,정치,"싱하이밍 중국대사 ""올림픽 정치화하면 안 돼""",한겨레 ,"
                        싱하이밍 주한중국대사가 미국 등 일부 국가들이 내년 2월 중국에서 열리는 베이징겨울올림픽을 외교적으로 보이콧하는 문제를 검토하고 있다는 움직임에 대해 “(올림...
                    ", 2021.11.22
84,정치,"문 대통령 ""남경과 여경의 문제 아니라 경찰의 기본자세 사안""",한겨레 ,"
                        문재인 대통령이 22일 인천 흉기난동 사건의 경찰 부실대응과 관련해 “남경과 여경의 문제가 아니라 현장에 출동한 경찰의 기본 자세와 관련된 사안”이라며 시스템을 ...
                    ", 2021.11.22
85,정치,"심상정, 안철수에 ""빠른 시일 내 조건 없이 만나자""",한겨레 ,"
                        심상정 정의당 대선 후보가 22일 “대선 후보, 원내외 정당, 시민사회 누구라도 시대교체와 정치교체에 뜻을 같이한다면 적극적으로 만나겠다”며 안철수 국민의당 대선...
                    ", 2021.11.22
86,정치,프롬프터 작동 안 된 포럼 무대..윤석열 '2분 침묵' 해프닝,한겨레 ,"
                        윤석열 국민의힘 대선 후보가 미래비전을 발표하기 위해 연단에 섰으나 프롬프터가 작동되지 않아 2분 가까이 침묵하는 해프닝이 연출됐다. 윤 후보는 22일 서울 광진구...
                    ", 2021.11.22
87,정치,"이재명 ""산부인과 명칭 여성건강의학과로 바꾸겠다""",한겨레 ,"
                        이재명 더불어민주당 대통령 선거 후보가 22일 “산부인과의 명칭을 여성건강의학과로 바꿔 의료 접근성을 높이겠다”고 밝혔다. 이 후보는 이날 페이스북에 11번째 ‘...
                    ", 2021.11.22
88,정치,"이재명 ""공공부문 노동이사제 패스트트랙 통해서라도 처리""",한겨레 ,"
                        이재명 더불어민주당 대선후보가 한국노동조합총연맹을 찾아 공공부문 노동이사제와 타임오프제 등과 관련해 “패스트트랙(신속처리안건)을 통해서라도 처리하겠다”고 ...
                    ", 2021.11.22
89,정치,"강기정 ""대통령 재난지원금 발언, 이재명 편들 수 있었지만 솔직하게""",한겨레 ,"
                        [2022 대선] 강기정 전 청와대 정무수석이 문재인 대통령의 ‘재난지원금 선별 지급론’에 대해 “이재명 후보를 편드는 발언을 할 수도 있었겠지만, 솔직하게 내각이 ...
                    ", 2021.11.22
90,정치,"[KSOI] 윤석열 40%, 이재명 39.5%..한주에 12%p 좁혀져",한겨레 ,"
                        이재명 더불어민주당 후보와 윤석열 국민의힘 후보의 대선 지지율 격차가 1주일 만에 크게 좁혀진 여론조사 결과가 22일 나왔다. 한국사회여론연구소(KSOI)가 <티비에스...
                    ", 2021.11.22
91,정치,"이재명 ""국민 실망·분노 제 책임이 더 크다"" 거듭 사과",한겨레 ,"
                        이재명 더불어민주당 대선 후보가 22일 “깊이 성찰하고 반성하고 앞으로 변화와 혁신을 통해 그 책임을 다하겠다”며 “반성하는 민주당”을 약속했다. 두번째 ‘매타...
                    ", 2021.11.22
92,정치,[정욱식 칼럼] 남북 산림협력과 '비질런트 에이스',한겨레 ,"
                        “지구 종말 시계는 자정 1분 전을 가리키고 있습니다.” 11월 초에 영국 글래스고에서 열린 제26차 유엔기후변화협약 당사국총회(COP26) 개막식에서 보리스 존슨 영국 ...
                    ", 2021.11.22
93,정치,"""평화 프로세스 그 자체가 아니라 어떤 프로세스냐가 관건이다""",한겨레 ,"
                        유엔의 3대 기둥은 평화-인권-발전이다. 그리고 유엔은 이들 세 가지 가치와 목표가 서로 밀접히 연관되어 있고 선순환을 도모해야 한다는 점을 강조해왔다. 한반도 문...
                    ", 2021.11.22
94,정치,"문 대통령, 부동산 질문 나오자 ""예, 드디어 어려운 문제로..""",한겨레 ,"
                        21일, 2년 만에 열린 문재인 대통령의 ‘국민과의 대화’에서 문 대통령은 이 정부의 최대 실책으로 꼽히는 부동산 문제 질문이 나오자 거듭 사과했고, 마지막으로 남기...
                    ", 2021.11.21
95,정치,"국민의힘 ""문 대통령 국민과의 대화 '빛바랜 개살구'"" 비판",한겨레 ,"
", 2021.11.21
96,정치,"문 대통령 ""12살 미만 백신접종, 안전 판단되면 연령 낮출 것""",한겨레 ,"
", 2021.11.21
97,정치,"문 대통령 ""주택 공급 더 노력했어야..임기내 하락 안정세 목표""",한겨레 ,"
", 2021.11.21
98,정치,"""여성 죽이지 마"" 호소에 ""범죄를 페미니즘과 엮는다""는 이준석",한겨레 ,"
                        이준석 국민의힘 대표와 장혜영 정의당 의원이 21일 ‘교제 살인’을 놓고 페미니즘 설전을 벌였다. 데이트 폭력으로 신변보호를 받던 여성이 전 남자친구에게 살해당한...
                    ", 2021.11.21
99,정치,"문 대통령 ""주택 공급 더 많은 노력 했더라면..해결 실마리 찾겠다""",한겨레 ,"
", 2021.11.21
100,정치,"문 대통령 ""주택 공급 더 노력 했어야..임기내 하락 안정세 목표""",한겨레 ,"
", 2021.11.21
101,정치,"민주당, 이재명에게 '당 쇄신과 선대위 혁신 권한' 모두 위임",한겨레 ,"
                        더불어민주당이 21일 이재명 대선 후보에게 당 쇄신과 선거대책위원회 혁신을 위한 모든 권한을 위임하기로 했고 이 후보는 “국민의 뜻에 따라 조속히 쇄신방안을 만들...
                    ", 2021.11.21
102,정치,윤석열의 호남 승부수..옛 민주당 출신 반문 정치인 긁어모으기,한겨레 ,"
                        출범을 앞둔 윤석열 국민의힘 대선 후보 선거대책위원회가 호남·반문(재인) 정치인 끌어오기에 사활을 걸고 있다. 김한길 전 민주당 대표가 21일 새시대준비위원장이란...
                    ", 2021.11.21
103,정치,"충청권 '매타버스' 동행한 김혜경, '배우자 정치' 본격 시동",한겨레 ,"
                        [2022 대선] 이재명 더불어민주당 대선 후보의 부인 김혜경씨가 21일 이 후보의 충청권 선거운동 일정에 동행하며 존재감을 한껏 높였다. 주가조작 등 여러 의혹 탓에 ...
                    ", 2021.11.21
104,정치,"'충청의 사위' 이재명, '매타버스' 타고 충청 순회",한겨레 ,"
                        “충북의 사위 말고 딸이 왔습니다.” 이재명 더불어민주당 대선 후보가 21일 충북 청주시 육거리종합시장에서 지지자가 흔들던 ‘충북의 사위’라는 손팻말을 보더니 ...
                    ", 2021.11.21
105,정치,'윤석열 선대위' 김종인 총괄-김병준 상임..김한길 새시대위원장,한겨레 ,"
                        윤석열 국민의힘 대선 후보가 김종인 총괄선거대책위원장, 김병준 상임선대위원장을 기용하는 선거대책위원회 인선을 확정했다. 김한길 전 새정치민주연합 대표는 중도 ...
                    ", 2021.11.21
106,정치,"재난지원금 철회, 특검 수용, 대장동 사과..달라진 이재명 왜?",한겨레 ,"
                        이재명 더불어민주당 대선 후보가 대장동 개발 의혹과 형수 욕설 사건 등에 거듭 사과했다. 앞서 전국민 재난지원금 구상을 철회하고 특검 수용 의사를 밝히는 등 자신...
                    ", 2021.11.21
107,정치,"'평등법의 나라' 영국 부장관 ""차별금지법 장벽? 단념하지 말기를""",한겨레 ,"
                        “정치인은 인기를 얻는 일뿐 아니라, 옳은 일을 해야 합니다. 평등이 사회에 가져다줄 이득을 국민에게 설명해 나가는 것이 정치인이 해야 하는 옳은 일입니다. 평등법...
                    ", 2021.11.21
108,정치,"이재명 ""초등생 3시 동시 하교제 추진..돌봄은 7시까지 제공""",한겨레 ,"
                        이재명 더불어민주당 대선 후보는 21일 “초등학생 3시 동시 하교제로 부모님 걱정을 덜어드리겠다”며 “정규수업 종료 뒤에는 오후 7시까지 양질의 돌봄을 제공하겠다...
                    ", 2021.11.21
109,정치,"이재명 ""통일 지향하기엔 너무 늦어..대북 지원은 효율성 문제""",한겨레 ,"
                        이재명 더불어민주당 대선 후보가 대북 관계에 있어서 실리적 접근을 강조하며 “통일은 지향하기엔 너무 늦었다”고 말했다. 이 후보는 20일 충남콘텐츠기업지원센터에...
                    ", 2021.11.21
110,정치,"최종건, 일본의 회견 불참에 ""국내 정치적 요구 대응인 듯""",한겨레 ,"
                        미국 방문을 마친 최종건 외교부 1차관이 일본 쪽이 지난 17일(현지시각) 미국 워싱턴에서 예정된 한·미·일 3국 외교차관 공동기자회견에 불참한 이유와 관련해 “(일...
                    ", 2021.11.21
111,정치,"이재명 ""'변화·혁신' 국민적 여망 부응 못해 반성""",한겨레 ,"
                        이재명 더불어민주당 대선 후보가 21일 “이재명조차도 변화와 혁신이라는 국민적 여망에 부응하지 못했다는 반성을 하게 됐다”며 중앙선거대책위원회의 쇄신을 거듭 ...
                    ", 2021.11.21
112,정치,"북 ""유엔 북인권결의=적대정치 산물, 강경 대처할 것""",한겨레 ,"
                        북한 외무성은 유엔의 북한인권결의를 “조선적대시정책과 이중기준의 산물”이자 “엄중한 주권침해행위”로 “강력히 규탄하며 전면 배격한다”고 밝혔다고 21일 <조...
                    ", 2021.11.21
113,정치,이재명 후보와 민주당이 밀리는 세 가지 이유,한겨레 ,"
                        요즘 괜히 기분이 좋으십니까? 정치 뉴스를 보면 미소가 저절로 지어지십니까? 당신은 보수 야당 성향의 정치 고관여층일 가능성이 있습니다. 요즘 괜히 우울하십니까? ...
                    ", 2021.11.21
114,정치,"[공덕포차] ""김건희 주가조작, 해쓰까? 안 해쓰까?"" (feat. 쓰까 요정)",한겨레 ,"
                        “ 김건희 씨는 주가조작에 개입 해쓰까 ? 안 해쓰까 ?” ‘ 차세대 리더 ’ 김성회 열린민주당 대변인이 〈 공덕포차 〉 를 찾은 ‘ 역대급 술방러 ’ 김경진 전 의원...
                    ", 2021.11.20
115,정치,"이재명, 이대남 모이는 '디씨' 깜짝 등장.. ""저를 '픽'해 써달라""",한겨레 ,"
                        [2022 대선] 더불어민주당 이재명 대선 후보가 인터넷 커뮤니티 ‘디시인사이드(디씨)’에 깜짝 등장해 “좋은 소리, 쓴소리 모두 경청하겠다. 종종 눈팅하러 올 테니 ...
                    ", 2021.11.20
116,정치,"이재명 ""'이재명의 민주당' 만들겠다"".. 선대위 개편도 시사",한겨레 ,"
                        더불어민주당 이재명 대선 후보가 “덩치만 크고 할 일 제대로 못 챙기는 선대위, 국민의 의지와 우리의 책임만 남기고 다 다시 시작하겠다”고 20일 밝혔다. 민주당이 ...
                    ", 2021.11.20
117,정치,"윤석열 쪽 ""송영길 '돌상 엔화' 허위사실""..송영길 ""실수 인정, 유감""",한겨레 ,"
                        [2022 대선] 20일 윤석열 국민의힘 대선후보 쪽이 전날 송영길 더불어민주당 대표가 ‘윤 후보 돌잔치 상 위에 엔화가 올려져있다’며 ‘친일’을 암시한 발언에 대해 ...
                    ", 2021.11.20
118,정치,"윤석열 ""현 정부 부동산 대책, 주거 안정 아닌 주거 참사""",한겨레 ,"
                        윤석열 국민의힘 대선후보는 20일 문재인 정부의 부동산 대책에 대해 “매물 실종, 전세 가격 폭등, 불균형 심화, 그리고 앞으로 1년 뒤에 닥칠 악몽 등 주거 참사는 현...
                    ", 2021.11.20
119,정치,"이재명 ""구설수에 해명보다 반성 먼저였어야.. 깊이 사과드린다""",한겨레 ,"
                        [2022 대선] 더불어민주당 이재명 대선 후보가 “욕설 등 구설수에, 해명보다 진심 어린 반성과 사과가 먼저여야 했다”고 20일 밝혔다. 이 후보는 이날 페이스북에서 ...
                    ", 2021.11.20
120,정치,"[논썰] 주가조작 '선수' 37일 도피 왜? 김건희 수사, 대선판 흔드나",한겨레 ,"
                        안녕하세요. <논썰>의 손원제입니다. 2주 전 논썰에서 윤석열 국민의힘 대통령 후보 선출 소식을 전하면서 본선 가도에는 ‘고윤주 리스크’로 대표되는 본부장, 본인·...
                    ", 2021.11.20
121,정치,"이재명 ""왕이 아니라 머슴 되겠다..나라 주인은 국민""",한겨레 ,"
                        [2022 대선] 이재명 더불어민주당 대선 후보는 19일 “왕이 아니라 진정한 머슴이 되겠다”라고 말했다. 이 후보는 이날 ‘매타버스’(매주 타는 민생버스) 일정의 하나...
                    ", 2021.11.19
122,정치,"여야 모두 '대장동 특검' 외치지만..속내 '동상이몽', 출범 '첩첩산중'",한겨레 ,"
                        이재명 더불어민주당 대선 후보가 ‘대장동 특검’ 수용 의사를 밝힌 데 대해, 국민의힘이 곧바로 민주당에 협상을 제안했다. 국민의힘 원내대표실 관계자는 19일 <한겨...
                    ", 2021.11.19
123,정치,"재난지원금 철회한 민주당, 또다른 '이재명표 예산' 지역화폐 올인",한겨레 ,"
                        더불어민주당이 전국민 재난지원금 지급을 철회한 가운데 또 다른 ‘이재명표’ 예산인 지역화폐(지역사랑상품권) 발행 확대와 소상공인 손실보상의 예산 규모를 늘리는...
                    ", 2021.11.19
124,정치,"이재명 ""수도권 공기업·공공기관 200여곳 전부 지방 이전""",한겨레 ,"
                        이재명 더불어민주당 대선 후보는 19일 “수도권에 남아 있는 공기업들, 공공기관들 이백몇십곳을 지방으로 다 옮기려 한다”고 말했다. 균형발전과 수도권 인구집중 해...
                    ", 2021.11.19
125,정치,"민주당, 대장동 수사검사 공수처 고발",한겨레 ,"
                        [대장동 개발사업 논란] 더불어민주당이 서울중앙지검 대장동 개발 의혹 전담수사팀 소속 한 검사가 수사 참고인의 허위 진술을 언론에 유포했다며 고위공직자범죄수사...
                    ", 2021.11.19
126,정치,"송영길, 윤석열 일가에 ""크리미널 패밀리""..공세수위 높이는 민주당",한겨레 ,"
                        더불어민주당이 19일 윤석열 국민의힘 대선 후보와 그의 가족을 둘러싼 비리 의혹 제기의 수위를 높였다. 송영길 대표는 윤 후보의 가족을 ‘크리미널 패밀리’(범죄 가...
                    ", 2021.11.19
127,정치,"민주당, 직무유기·선거법 위반 혐의로 윤석열 고발..야당 ""가짜 뉴스""",한겨레 ,"
                        [2022 대선] 더불어민주당이 윤석열 국민의힘 후보를 상대로 직무유기와 공직선거법 위반 혐의로 19일 고발했다. 대선을 석달여 앞두고 야당 대선 후보를 향한 수사를 ...
                    ", 2021.11.19
128,정치,"중-러 군용기 9대, 독도 근처 카디즈 무단진입",한겨레 ,"
                        19일 오전과 오후 중국 군용기 2대와 러시아 군용기 7대가 동해 독도 북동쪽 한국방공식별구역(KADIZ·카디즈) 에 사전 통보없이 각각 10분가량 진입했다 빠져나갔다. ...
                    ", 2021.11.19
129,정치,"이재명 ""영아살해·유기 처벌 강화"", 심상정 ""아동수당 11살로 확대""",한겨레 ,"
                        이재명 더불어민주당 대선후보와 심상정 정의당 대선후보가 19일 세계 아동학대 예방의 날을 맞아 에스엔에스(SNS)를 통해 메시지를 내놨다. 이재명 후보는 “영아살해...
                    ", 2021.11.19
130,정치,"윤석열 ""실패한 부동산 정책에 건보료 폭등..부과체계 개편""",한겨레 ,"
                        윤석열 국민의힘 대선 후보는 19일 건강보험료 지역가입자의 보험료 인상을 비판하며 건강보험료 부과 체계의 개편을 검토하겠다고 밝혔다. 윤 후보는 이날 페이스북에 ...
                    ", 2021.11.19
131,정치,"선대위 인선 불만 드러낸 김종인 ""윤석열 냉정해져야""..주말 회동 결론낼까",한겨레 ,"
                        [2022 대선] 김종인 전 국민의힘 비상대책위원장이 19일 김병준 전 비대위원장과 김한길 전 민주당 대표를 선대위로 영입하려는 윤석열 대선 후보를 향해 “좀 냉정해져...
                    ", 2021.11.19
132,정치,"홍준표 ""조강지처 버리고 차린 새살림집에 들어가라고?""",한겨레 ,"
                        [2022 대선] 홍준표 국민의힘 의원이 윤석열 후보의 선거대책위원회에 참여하지 않겠다는 뜻을 거듭 밝혔다. 그는 최근 이준석 국민의힘 대표가 집으로 찾아와 참여를 ...
                    ", 2021.11.19
133,정치,1954년 11월21일 '독도대첩'..그날 그곳에선 무슨 일이 있었나,한겨레 ,"
                        1954년 11월21일은 '독도대첩’ 기념일이다. 최근 일본이 김창룡 경찰청장의 독도 방문을 트집 잡으며 한·미·일 외교차관 공동기자회견을 무산시켜 독도대첩에 더욱 ...
                    ", 2021.11.19
134,정치,"전국민재난지원금 철회에 청 ""환영할 만한 일""",한겨레 ,"
                        청와대가 이재명 더불어민주당 대선후보가 전날 전국민 재난지원금 주장을 철회한 것과 관련해 “환영할 만한 일”이라고 밝혔다. 박수현 청와대 국민소통수석은 19일 ...
                    ", 2021.11.19
135,정치,[갤럽] 윤석열 42% 이재명 31% 안철수 7% 심상정 5%,한겨레 ,"
                        [2022 대선] 윤석열 국민의힘 대선 후보가 ‘대선후보 4자 지지도’ 조사에서 이재명 더불어민주당 대선 후보를 오차범위 밖인 11%포인트 앞서는 것으로 나타났다. 연령...
                    ", 2021.11.19
136,정치,"김부겸 ""일상회복 멈추나 걱정..수도권-비수도권 중환자 병상 통합""",한겨레 ,"
                        정부가 코로나19 위중증 환자 급증에 따른 수도권 중환자 병상 부족 문제를 해소하기 위해 수도권과 비수도권의 중환자 병상을 통합 관리하기로 했다. 김부겸 국무총리...
                    ", 2021.11.19
137,정치,차기 정부 평화정책..이재명 쪽 '승계' vs 윤석열 쪽 '단절' 강조,한겨레 ,"
", 2021.11.18
138,정치,'우리의 소원은 통일' 대신 '우리의 소원은 평화'를 부르자,한겨레 ,"
", 2021.11.18
139,정치,[공덕포차] 삐걱대는 윤석열-김종인 그리고 김건희의 '파장없는 허위이력' 의혹,한겨레 ,"
                        [시사맛집 공덕포차 시즌3] 삐걱대는 윤석열 후보와 김종인 전 위원장! 윤 후보는 김 전 위원장을 만났다고 하고~ 김 전 위원장은 안 만났다고 하고~ 누구 말이 맞는지...
                    ", 2021.11.18
140,정치,"이재명 ""특검 하자, 조건 붙이지 말고""..'대장동 의혹' 정면돌파",한겨레 ,"
                        이재명 더불어민주당 대선 후보가 18일 ‘대장동 의혹’과 관련해 “조건을 붙이지 않고 아무때나 여야 합의해서 특검을 하는 게 바람직하다”고 말했다. 대장동 의혹에...
                    ", 2021.11.18
141,정치,"재난지원금 철회한 이재명, '재원 부족' 현실에 독선이미지 강화 우려",한겨레 ,"
                        [2022 대선]
                    ", 2021.11.18
142,정치,'지지율 제자리' 이재명 선대위 구인난..또 이해찬 등판론,한겨레 ,"
                        [2022 대선] 더불어민주당 선거대책위원회가 인재영입위원회까지 띄우고 수혈에 나섰지만 ‘구인난’에 허덕이고 있다. ‘원팀 선대위’ 구성 뒤 외부인사를 끌어들여 ...
                    ", 2021.11.18
143,정치,"국민의힘 '올드보이의 귀환'..""퇴행"" 내부서도 비판론",한겨레 ,"
                        국민의힘 중앙선거대책위원회 인선 과정에서 김종인 전 비상대책위원장이 ‘원톱’으로 부상하고 김병준 전 자유한국당 비상대책위원장과 김한길 전 새정치민주연합 대...
                    ", 2021.11.18
144,정치,[Photo] Scenes from the second CSAT held during the pandemic,한겨레 ,"
                        At 8:40 am on Thursday, roughly 509,000 students flipped open their test books and began taking the 2022 College Scholastic Ability Test, known commonly as t
                    ", 2021.11.18
145,정치,"문 대통령 ""점심 먹으러 거제 갔겠냐"" 웃으며 참모 질책한 이유",한겨레 ,"
                        문재인 대통령이 지난 15일 경남 거제에서 열린 모잠비크 에프엘엔지(FLNG·부유식 해양 액화천연가스 생산 플랜트) 출항 명명식 행사 언론 보도에 대해 아쉬움을 표했...
                    ", 2021.11.18
146,정치,"심상정, 20대 여성 토크쇼 ""비동의 강간죄 제도화""",한겨레 ,"
                        심상정 정의당 대선 후보가 20대 여성 표심 챙기기에 나섰다. 심 후보는 성범죄를 근절하기 위한 ‘비동의 강간죄’ 제도화와 성범죄 형량 강화 추진에 힘을 싣겠다고 ...
                    ", 2021.11.18
147,정치,"불평등·공정·기후 앞세운 대선 4인방, 이젠 정책 경쟁 펼치나",한겨레 ,"
                        더불어민주당 이재명, 국민의힘 윤석열, 정의당 심상정, 국민의당 안철수 대선후보가 후보 선출 이후 처음으로 한자리에 모여 정책 경쟁을 벌였다. 18일 서울 상암동 <...
                    ", 2021.11.18
148,정치,"당-정 갈등 상처만 남기고..이재명, 전국민 지원금 철회",한겨레 ,"
                        이재명 더불어민주당 대선 후보는 18일 “전국민 재난지원금을 고집하지 않겠다”며 “여야 합의 가능한 것부터 즉시 시행하자”고 밝혔다. 지난달 29일 제기한 전국민 ...
                    ", 2021.11.18
149,정치,"이재명 ""대장동 특검, 깨끗하게 터는 차원에서 수용할 수밖에""",한겨레 ,"
                        이재명 더불어민주당 대선 후보가 18일 ‘대장동 의혹’과 관련해 “특검을 할 수밖에 없는 상황”이라고 말했다. 대장동 의혹으로 발목이 잡혀있는 상황을 타개하기 위...
                    ", 2021.11.18
150,정치,"문 대통령, 코로나19 위중증 증가에 ""상황 안정 총력""",한겨레 ,"
                        문재인 대통령이 17일 코로나19 위증증 환자가 500명을 처음으로 넘어선 것과 관련해 방역과 의료 대응 체계를 빈틈없이 가동해 상황을 안정시키는데 총력을 기울이라고...
                    ", 2021.11.18
151,정치,기시다 내각 출범 뒤 첫 한-일 고위급 협의..시작부터 삐걱,한겨레 ,"
                        기시다 후미오 일본 신정부 출범 뒤 첫 한-일 고위급 대면 협의가 열렸다. 일본 쪽이 김창룡 경찰청장의 독도 방문에 항의의 뜻으로 17일(현지시각) 오후 예정됐던 한·...
                    ", 2021.11.18
152,정치,"[전국지표조사] 윤석열 36%, 이재명 35%, 안철수 5%, 심상정 4%",한겨레 ,"
                        [2022 대선] 차기 대선주자 지지도를 묻는 여론조사에서 이재명 더불어민주당 후보가 지난주보다 반등하면서 윤석열 국민의힘 후보와 오차범위에서 경합하는 결과가 나...
                    ", 2021.11.18
153,정치,"홍준표 ""마지막 대선 도전? 될 줄 알고 한 말""..차기 도전 시사",한겨레 ,"
                        홍준표 국민의힘 의원이 ‘윤석열이 대통령 되면 대한민국만 불행해진다’며 다음 대선 도전 가능성까지 열어뒀다. 선거대책위원회에 합류하지 않고 20~30대 지지세를 ...
                    ", 2021.11.18
154,정치,"유엔, 북한인권결의안 17년 연속 채택..""백신 공급에 협력""",한겨레 ,"
                        유엔 위원회가 17년 연속 북한인권결의안을 채택했다. 유엔 총회 산하 3위원회는 17일(현지시각) 북한의 인권상황 악화에 대한 우려와 코로나19 백신 운송 등 관련해 북...
                    ", 2021.11.18
155,정치,"여당 의원들, 윤석열 도우려는 김한길에 ""정당 파쇄기"" 맹폭",한겨레 ,"
                        더불어민주당 의원들이 ‘윤석열 선대위’ 합류를 저울질 중인 김한길 전 새정치민주연합 대표를 향해 “정당 파쇄기”, “정치적 배신자”라며 맹폭을 가했다. 우원식 ...
                    ", 2021.11.18
156,정치,"민주당-열린민주당, 합당 추진",한겨레 ,"
                        더불어민주당과 열린민주당이 합당 논의에 착수한다. 송영길 민주당과 대표와 최강욱 열린민주당 대표가 18일 당 대 당 통합 추진에 합의했다. 민주당의 합당 협상 대표...
                    ", 2021.11.18
157,정치,"윤석열 ""19조 초과세수, 민주당 대선자금 아니다""",한겨레 ,"
                        윤석열 국민의힘 대선후보가 약 19조원으로 예상되는 초과세수를 전국민 재난지원금 재원으로 쓰자는 더불어민주당의 구상에 대해 “국민 혈세를 자기 당 대선 자금으로...
                    ", 2021.11.18
158,정치,"한준호, '두 아이 엄마 김혜경 vs 토리 엄마 김건희'  글 올렸다 삭제",한겨레 ,"
                        이재명 더불어민주당 대선 후보의 수행실장인 한준호 의원이 17일 이 후보와 윤석열 국민의힘 대선 후보의 부인을 비교하며 “두 아이의 엄마”, “토리 엄마”라고 표...
                    ", 2021.11.17
159,정치,"차별금지법 외면하는 여당, ""동성애 합법화"" 운운하는 의원",한겨레 ,"
                        [차별금지법은 함께살기법] 김회재 더불어민주당 의원이 17일 “우리나라도 포괄적 차별금지법을 저지하지 못하고 뚫리면 동성혼까지 나갈 수밖에 없다”고 주장했다. ...
                    ", 2021.11.17
160,정치,"이재명 ""국공립병원, 보훈 위탁 지정""..윤석열 ""천안함, 북 공격으로 침몰""",한겨레 ,"
                        순국선열의 날인 17일 이재명 더불어민주당 대선 후보는 국공립병원을 보훈 대상자 위탁병원으로 지정하겠다고 약속했고, 윤석열 국민의힘 후보는 천안함 유족을 만나 ...
                    ", 2021.11.17
161,정치,"""남북 물류, 육로 치우쳐 한계..바닷길 확장해야""",한겨레 ,"
", 2021.11.17
162,정치,"민주당, 현안 '긴급대응회의' 만들어..김혜경씨 낙상 사고 계기",한겨레 ,"
                        [2022 대선] 더불어민주당 중앙선거대책위원회가 ‘긴급대응회의’를 꾸려 중요 현안이 발생할 경우 현장 상황을 정확히 파악해 발빠르게 대응하기로 했다. 윤석열 국민...
                    ", 2021.11.17
163,정치,"갈루치 ""CVID 비핵화 불가능""..문정인 ""북핵-인권 탈동조화해야""",한겨레 ,"
", 2021.11.17
164,정치,"""북 '남조선혁명론' 포기해도 못 믿어..남북미 신뢰 구축이 중요""",한겨레 ,"
", 2021.11.17
165,정치,"[예언해줌] 김건희의 '상습적 허위이력' 의혹..""윤석열의 무시전략, 더 버틸 수 없다""",한겨레 ,"
                        [it슈 예언해줌] 선거대책위원회 구성을 두고 또다시 갈등을 빚은 윤석열 후보와 이준석 대표 . 윤 후보는 당 의사결정의 최종 권한은 본인이라는 점을 강조하고 , 이 ...
                    ", 2021.11.17
166,정치,"""북미보다 남북 중심으로 평화체제·비핵화 동시 추진하자""",한겨레 ,"
                        한반도 비핵화와 평화체제 구축이라는 해묵은 난제를 풀기 위해서는 기존의 틀을 벗어나 새로운 접근 방식이 필요하지 않을까. 17일 부산 웨스틴조선호텔에서 열린 2021...
                    ", 2021.11.17
167,정치,"갈루치 전 미국 북핵특사 ""미국의 30년 대북정책은 실패""",한겨레 ,"
", 2021.11.17
168,정치,"호남마저 미지근..박스권 갇힌 이재명, 출구가 안보인다",한겨레 ,"
                        [2022 대선] 광주에서 식당을 운영하는 남아무개(57)씨는 이번 대선이 낯설다. “예전엔 2~3명이 모이면 정치 이야기, 후보 이야기를 했는데 요즘은 그런 풍경은 거의 ...
                    ", 2021.11.17
169,정치,"이재명 '반페미' 글 공유 ""편든 게 아니라 이야기 들어준 것""",한겨레 ,"
                        [2022 대선] 이재명 더불어민주당 대선 후보가 최근 페미니즘 정책에 반감을 가진 글을 공유한 건 ‘편을 든 것이 아니라 이야기를 들어준 것’이라고 거듭 해명했다. ...
                    ", 2021.11.17
170,정치,"윤석열 선대위 인선 '삐그덕'..김종인, 김한길·김병준 ""거부""",한겨레 ,"
                        윤석열 국민의힘 대선 후보가 김종인 전 비상대책위원장을 만나 선거대책위원회 구성을 두고 최종 조율에 나섰지만 막판 혼선을 빚으면서 출범이 다음 주로 미뤄졌다. ...
                    ", 2021.11.17
171,정치,"임종석 ""문재인 정부의 매듭은 불행한 역사 마감하는 대사면""",한겨레 ,"
                        임종석 전 대통령 비서실장이 문재인 정부의 임기 말 ‘매듭’으로 종전선언과 함께 대사면을 거론했다. 임종석 전 실장은 또 “새로 들어 설 정부는 반사체로서가 아니...
                    ", 2021.11.17
172,정치,"2030표 급한 이재명, 청년 지지자 300명과 '경청 프로젝트'",한겨레 ,"
                        [2022 대선] 이재명 더불어민주당 대선 후보가 청년 지지자 300명과 함께 ‘민심 경청’ 프로젝트를 시작한다. 청년 선거대책위원회를 출범시키는 등 조직도 보강하기로...
                    ", 2021.11.17
173,정치,"양정철 작심발언 ""3주 안에 궤도 수정 않으면 뒤집기 어려워""",한겨레 ,"
                        양정철 전 민주연구원장이 “(의원들의) 유유자적한 분위기는 2007년 대선 이후 처음”이라며 더불어민주당에 쓴소리를 쏟아냈다. 문재인 정부 ‘창업공신’으로 선거 ...
                    ", 2021.11.17
174,정치,"문 대통령, 수능 앞두고 ""코로나 세대 어려움 이겨내 자랑스러워""",한겨레 ,"
                        문재인 대통령이 오는 18일 대입 수학능력시험(수능)을 앞두고 있는 수험생들에게 “하던 대로만 하면 잘할 것”이라고 응원했다. 문 대통령은 17일 에스엔에스(SNS)를 ...
                    ", 2021.11.17
175,정치,"'장릉 아파트 철거' 국민청원에..""세계문화유산 가치 유지 노력""",한겨레 ,"
                        김현모 문화재청장이 17일 청와대 국민청원 ‘김포 장릉 무단 아파트 건설 철거 청원’ 답변을 통해 “건설업체가 제출한 안으로는 역사문화적 가치를 유지하기 어렵다...
                    ", 2021.11.17
176,정치,[포토] 2021 한겨레-부산 국제심포지엄 현장,한겨레 ,"
                        2021 한겨레-부산 국제심포지엄이 17일 부산 해운대구 웨스턴조선부산 호텔에서 열렸다. 18일까지 이어지는 이번 심포지엄의 주제는 `지속가능한 한반도 평화를 위한 성...
                    ", 2021.11.17
177,정치,"UAE ""한국산 방공 미사일 '천궁' 구매..4조원 규모""",한겨레 ,"
                        아랍에미레이트(UAE) 국방부는 16일 트위터를 통해 “한국의 방공체계(M-SAM)를 들여올 계획”이라며 “계약 규모는 35억달러(약 4조1천억원)”라고 발표했다. 이 방공...
                    ", 2021.11.17
178,정치,"이재명 ""갑론을박 알지만..국회에서 '기본주택' 논의해달라""",한겨레 ,"
                        [2022 대선] 이재명 더불어민주당 대선후보가 18일 여야 국회의원 전원에게 대표공약인 기본주택 관련 4개 법안을 정기국회 안에 검토해달라고 요청했다. 이 후보는 이...
                    ", 2021.11.17
179,정치,"안철수 ""국방의무 다한 청년에 사회진출금 1천만원 지급""",한겨레 ,"
                        안철수 국민의당 대선후보가 17일 징병 수를 줄이고 부사관을 확충하는 ‘준모병제’와 국방 의무를 다한 청년들에게 사회진출지원금 1000만원을 주겠다는 공약을 내놨...
                    ", 2021.11.17
180,정치,"""한국 존경, 김치 좋아해"" 코스타리카 대통령 21일 국빈 방문",한겨레 ,"
                        중남미 코스타리카 카를로스 알바라도 케사다 대통령이 문재인 대통령 초청으로 21일부터 나흘 동안 국빈 방한한다고 청와대가 17일 밝혔다. 박경미 청와대 대변인은 이...
                    ", 2021.11.17
181,정치,연말까지 추가접종자 2배로..60살 이상 부스터샷 간격 4개월,한겨레 ,"
                        정부가 추가접종 간격을 60살 이상 고령층과 요양병원 입원환자, 요양시설 입소자 등은 기본접종 완료 뒤 4개월로, 50대는 기본접종 완료 뒤 5개월로 단축해 조기에 추...
                    ", 2021.11.17
182,정치,"문 대통령, 군 장성 진급자들에게 ""강군엔 성평등 문화도 필요""",한겨레 ,"
                        문재인 대통령이 16일 군 장성 진급자들에게 “강군이 되려면 첨단무기뿐 아니라 장병 복지, 인권 보호, 성평등 문화도 필요하다”고 말했다. 문 대통령은 이날 오후 청...
                    ", 2021.11.17
183,정치,'이재명 변호사비 대납 의혹' 검찰 압수수색,한겨레 ,"
                        이재명 더불어민주당 대선 후보의 변호사비 대납 의혹을 수사 중인 수원지검은 지난 15일 서울 서초동 법조윤리협의회를 압수수색했다. 법조윤리협의회는 일정 수 이상...
                    ", 2021.11.16
184,정치,"""내년 주한미군 방위비 분담금 인건비 과다 편성""",한겨레 ,"
                        국방부가 내년 주한미군에 지급할 방위비분담금 가운데 인건비 총액을 500억원가량 과다 편성한 것으로 나타났다. 방위비분담금 전체 증가율을 인건비 항목에도 적용한 ...
                    ", 2021.11.16
185,정치,"문 대통령, 심상정 후보에 축하 난..심 ""내가 뿌리 다른 '찐' 야 후보""",한겨레 ,"
                        문재인 대통령이 16일 이철희 청와대 정무수석을 통해 심상정 정의당 대선 후보에게 축하 난을 보냈다. 심 후보가 “윤석열·김동연·안철수 대선 후보는 메이드 인 더...
                    ", 2021.11.16
186,정치,"안철수·김동연 '공정' 초점 교육공약..김 ""제3지대 단일화 배제 안 해""",한겨레 ,"
                        안철수 국민의당 대선후보와 김동연 전 경제부총리가 같은 날 ‘기회의 공정’에 키워드를 둔 ‘교육’ 관련 공약을 발표하면서 정책 경쟁에 나섰다. 김 전 부총리는 안...
                    ", 2021.11.16
187,정치,권성동 사무총장 가닥..국민의힘 선대위 막바지 인선 속도,한겨레 ,"
                        국민의힘이 이번주 대선 선거대책위원회 출범을 앞두고 막판 조율을 벌이고 있다. 갈등을 노출했던 윤석열 대선 후보와 이준석 대표는 후보 비서실장인 권성동 의원을 ...
                    ", 2021.11.16
188,정치,김혜경 입원 '가짜뉴스' 키운 건 선대위 난맥상..컨트롤타워 찾을까,한겨레 ,"
                        이재명 더불어민주당 대선 후보의 지지율이 제자리걸음하며 윤석열 국민의힘 후보와 격차가 벌어지자 당내에서 선거대책위원회의 난맥상을 지적하는 목소리가 높아지고 ...
                    ", 2021.11.16
189,정치,"'19조 초과세수' 당정 정면 충돌..여당, '홍남기 대국민사과' 요구",한겨레 ,"
                        더불어민주당이 16일 홍남기 경제부총리 겸 기획재정부장관을 향해 “기재부가 추가 세수를 예측하지 못하고 그 예산을 국민께 돌려드리지 못하는 것은 추궁받아 마땅한...
                    ", 2021.11.16
190,정치,한국형 경항공모함 내년 사업 좌초..예산 72억→5억원 대폭 삭감,한겨레 ,"
                        국회 국방위원회 전체회의는 16일 해군 경항공모함(경항모) 예산을 72억원에서 5억원으로 삭감해 의결했다. 관련 예산 중 자료 수집·조사를 위한 국내외 출장비만 남아...
                    ", 2021.11.16
191,정치,"민주당, 기재부에 총공세..'이재명표' 정책 힘싣고 차별화 전략 지원",한겨레 ,"
                        [2022 대선] 더불어민주당이 16일 홍남기 경제부총리 겸 기획재정부 장관을 향해 “직무유기를 넘어선 책무유기”라며 국정조사까지 거론하며 거친 공격을 한 것은 이재...
                    ", 2021.11.16
192,정치,"역대급 '비호감' 대선, 주목해야 할 관전 포인트 3가지",한겨레 ,"
                        2022년 3월9일 치르는 제20대 대통령선거는 5파전이 될 예정이다. 더불어민주당 이재명 전 경기도지사, 국민의힘 윤석열 전 검찰총장, 정의당 심상정 의원, 국민의당 안...
                    ", 2021.11.16
193,정치,"최종건 ""북한이 나아갈 수 있는 틀 필요..종전선언이 시작""",한겨레 ,"
                        최종건 외교부 1차관이 15일(현지시각) “누구도 쉽게 벗어날 수 없는 구조를 만드는 게 중요하다”며 종전선언이 남-북-미 모두에 의미있는 시발점이 될 것이라고 밝혔...
                    ", 2021.11.16
194,정치,"[예언해줌]'검찰 탓, 언론 탓' 이재명의 돌파구는 이것?",한겨레 ,"
                        [it슈 예언해줌] 이번 주 완터치 3K쇼 뉴스 ‘예언해줌 라이브’는 30% 안팎의 지지율 장벽에 막혀 ‘검찰 탓, 언론 탓’하는 더불어민주당 이재명 대선 후보가 과연 어...
                    ", 2021.11.16
195,정치,"이철희 ""전국민 방역지원금, 청와대가 조정할 사안 아냐""",한겨레 ,"
                        이철희 청와대 정무수석이 여당인 더불어민주당이 전국민 방역지원금을 지급하자고 정부를 압박하고 있는 것과 관련해 “청와대가 조정할 수 있는 사안이 아니다”고 입...
                    ", 2021.11.16
196,정치,"삼지연 현장만 10번째 찾은 김정은, ""자립적 발전 가능성 실증""",한겨레 ,"
                        김정은 조선노동당 총비서 겸 국무위원장이 “삼지연시 건설 사업이 결속(완공)되는 것과 관련해 3단계 공사 실태를 료해(점검)하시기 위해 삼지연시를 현지지도하셨다...
                    ", 2021.11.16
197,정치,"윤호중 ""초과세수 31조 아니라 50조..기재부, 국정조사할 사안""",한겨레 ,"
                        윤호중 더불어민주당 원내대표는 16일 “최근 확인한 바에 따르면 올해 초과세수액이 7월 정부가 예상했던 31조원보다 훨씬 많은 50조원 정도가 될 것으로 보인다”며 ...
                    ", 2021.11.16
198,정치,[포토] 김정은 위원장 공개활동 나선 삼지연은 어떤 곳?,한겨레 ,"
                        김정은 북한 국무위원장이 약 한 달만에 삼지연시 건설사업장을 찾아 공개활동에 나섰다. 삼지연은 행정구역에 포함된 백두산은 김정은 위원장 일가의 ‘백두혈통'을 상...
                    ", 2021.11.16
199,정치,"연합뉴스 포털 퇴출에 이재명 ""언론 자유 침해하는 재갈 물리기""",한겨레 ,"
                        이재명·윤석열 대선후보가 네이버·카카오 뉴스제휴평가위(제평위)의 연합뉴스 계약해지 결정이 “과도하다”며 재고되거나 철회되어야 한다는 입장을 밝혔다. 연합뉴...
                    ", 2021.11.15
200,정치,"""가짜뉴스 성행·검찰수사 미진"" 이재명, 지지율 열세 뒤집기 안간힘",한겨레 ,"
                        이재명 더불어민주당 대선 후보가 ‘가짜뉴스’와 윤석열 국민의힘 대선후보에 대한 검찰의 ‘미진한 수사’를 언급하며 언론과 검찰에 대한 불만을 제기하고 있다. 최...
                    ", 2021.11.15
201,정치,부동산세 '묻지마 완화경쟁'..여당도 '양도세 12억' 본격화,한겨레 ,"
                        더불어민주당이 1가구 1주택자의 양도소득세(양도세) 비과세 기준을 시가 9억원에서 12억원으로 상향조정하는 내용의 소득세법 개정안 논의를 본격화했다. 야당의 종부...
                    ", 2021.11.15
202,정치,"여당 ""1인당 20만원 방역지원금""..예산 8.1조원 증액 요청",한겨레 ,"
                        더불어민주당의 ‘전 국민 20만원 일상회복 방역지원금’ 증액 제안이 15일 국회 행정안전위원회를 통과했다. 민주당은 다음 단계인 국회 예산결산특별위원회에서 최대...
                    ", 2021.11.15
203,정치,[Interview] Icon of Chinese #MeToo movement calls Korean movement a source of strength,한겨레 ,"
                        Interviewing Zhou Xiaoxuan, a prominent figure in the Chinese #MeToo movement, proved to be no easy feat. The Hankyoreh was finally able to sit down with the
                    ", 2021.11.15
204,정치,"전해철, 윤석열 '종부세 무력화' 구상에 ""순기능 무시 안돼""",한겨레 ,"
                        전해철 행정안전부 장관이 15일 국회에서 “종합부동산세의 순기능이 무시돼선 안 된다”고 말했다. 종부세 폐지 가능성까지 시사한 윤석열 국민의힘 대선 후보를 에둘...
                    ", 2021.11.15
205,정치,윤석열-이준석 '당무 권한' 놓고 충돌..'긴급 회동' 진화 나섰지만,한겨레 ,"
                        윤석열 국민의힘 대선 후보와 이준석 대표가 ‘사무총장 교체’ 문제로 충돌하면서 잠복해있던 갈등이 수면 위로 드러났다. ‘당무 우선권’을 무기로 선거를 치르려는 ...
                    ", 2021.11.15
206,정치,"인도네시아, '야자유'로 KF-21 잔금 치를까?",한겨레 ,"
                        한국형 전투기 KF-21 보라매를 공동개발 중인 인도네시아가 미납한 사업비 금액과 납부방식 등이 내년 초에 확정될 예정이다. 방위사업청 관계자는 15일 “KF-21 제작업...
                    ", 2021.11.15
207,정치,윤석열 후보에게 '대통령 축하 난' ..대선 '엄정중립' 메시지 오가,한겨레 ,"
                        문재인 대통령이 15일 윤석열 국민의힘 대선 후보에게 축하 난을 보냈다. 난을 들고 온 이철희 정무수석에게 윤 후보는 문 대통령 안부를 물었고 이 수석은 “나쁘지 않...
                    ", 2021.11.15
208,정치,"문 대통령, 거제에서 FLNG 명명식..""탄소중립 여정에 큰 힘 될 것""",한겨레 ,"
                        문재인 대통령이 15일 경남 거제 삼성중공업 조선소에서 열린 ‘에프엘엔지(FLNG·부유식 해양 LNG 액화 플랜트) 출항 명명식’에 참석해 “‘코랄 술 에프엘엔지’가 ...
                    ", 2021.11.15
209,정치,"'러브콜' 받은 김종인 ""계기 있으면 도와줄 수도 있고..""",한겨레 ,"
                        국민의힘이 선거대책위원회(선대위) 구성에 난항을 겪고 있는 가운데, 윤석열 대선후보가 총괄선대위원장으로 유력하게 거론되는 김종인 전 비상대책위원장에게 “저희...
                    ", 2021.11.15
210,정치,"심상정 ""2029년까지 징병·모병 혼합, 2030년대 전원 모병제 전환""",한겨레 ,"
                        [2022 대선] 심상정 정의당 대선 후보가 15일 2029년까지 징병·모병 혼합제를 운영한 뒤 2030년대 전원 모병제로 전환하는 단계적 모병제 공약을 제안했다. 심 후보는 ...
                    ", 2021.11.15
211,정치,"""김건희와 8억원 주식거래한 업체 대표가 주가조작 몸통""",한겨레 ,"
                        강득구 더불어민주당 의원이 윤석열 국민의힘 대선 후보 부인 김건희씨와 8억원 상당의 도이치모터스 주식 거래를 한 이아무개 전 두창섬유(도이치아우토) 대표가 주가...
                    ", 2021.11.15
212,정치,"최재해 신임 감사원장 ""정치적 중립성 확보하겠다""",한겨레 ,"
                        최재해 신임 감사원장이 15일 “신뢰받을 수 있는 감사결과를 만들어 나감으로써 감사원의 직무상 독립성과 정치적 중립성을 확보하겠다”고 말했다. 최 원장은 이날 오...
                    ", 2021.11.15
213,정치,"불참한 윤석열, 입 닫은 이준석..'사무총장 교체' 놓고 충돌",한겨레 ,"
                        윤석열 국민의힘 대선 후보와 이준석 대표의 힘겨루기가 전면전으로 치닫는 양상이다. 윤 후보는 15일 최고위 회의에 참석하지 않았고, 이 대표는 공개 발언을 일절 하...
                    ", 2021.11.15
214,정치,"이재명 ""미루지 말고 우리가 주도해 '위성정당 방지' 제도화해야""",한겨레 ,"
                        이재명 더불어민주당 대선 후보가 ‘위성정당 방지’ 논의를 미루지 말고 당이 주도해야 한다고 거듭 강조했고 민주당은 위성정당 방지 입법을 위해 국민의힘과 협상을 ...
                    ", 2021.11.15
215,정치,"이재명 ""홍남기 부총리, 따뜻한 책상에서 정책""..지역화폐 예산 삭감 비판",한겨레 ,"
                        이재명 더불어민주당 대선 후보가 15일 “홍남기 부총리 포함한 정책 결정·집행자 여러분이 따뜻한 방 안의 책상에서 정책을 결정”하고 있다고 말했다. 지역화폐 예산...
                    ", 2021.11.15
216,정치,[KSOI] '다자대결' 윤석열 45.6% - 이재명 32.4%,한겨레 ,"
                        윤석열 국민의힘 대선 후보가 이재명 더불어민주당 대선 후보를 오차범위 밖에서 크게 앞서는 여론조사 결과가 나왔다. 이번 대선의 ‘캐스팅 보터’로 떠오른 20대에선...
                    ", 2021.11.15
217,정치,"이재명 '부산 재미없다' 비하?..""지역 균형발전 발언 왜곡 말라""",한겨레 ,"
                        [2022 대선] 이재명 더불어민주당 대선 후보의 ‘부산 재미없다’는 발언을 놓고 야권이 ‘지역 비하 발언’이라고 비판했지만 민주당은 ‘지역 균형발전의 필요성을 언...
                    ", 2021.11.14
218,정치,"이재명 ""공공의료 인력 확충 위한 공공의대 설립 고민해야""",한겨레 ,"
                        2박 3일간의 부산·울산·경남 지역 민심 청취 일정을 소화 중인 이재명 더불어민주당 대선 후보가 14일 “공공의료 인력 확충을 위한 공공의대 설립을 충분히 고민해봐...
                    ", 2021.11.14
219,정치,'마지막 소원' 한국 방문한 콜롬비아 참전용사 입원,한겨레 ,"
                        한국을 찾은 콜롬비아 한국전쟁 참전용사인 알바로 리까우르떼 곤잘레스(97)가 지병이 악화되어 충남대병원에서 입원 치료 중이라고 국가보훈처가 14일 밝혔다. 알바로 ...
                    ", 2021.11.14
220,정치,"윤석열 ""김종인이 어떻게 허수아비 되겠는가..'문고리 3인방' 없다""",한겨레 ,"
                        윤석열 국민의힘 대선 후보가 “김종인 전 비상대책위원장을 모신다면 어떻게 허수아비가 되겠는가”라고 말했다. “허수아비 노릇 할 수 없다”는 김 전 위원장을 안심...
                    ", 2021.11.14
221,정치,"윤석열 ""내년 이맘때 종부세 폭탄 걱정 없게""..'무력화' 방침 논란",한겨레 ,"
                        윤석열 국민의힘 대선 후보가 종합부동산세를 재산세에 통합하거나 1주택자 종부세를 면제하는 방안을 검토하겠다고 밝혔다. 대표적인 보유세인 종부세를 사실상 폐지하...
                    ", 2021.11.14
222,정치,"이재명 선대위, '외연 확장' 위한 '인재 영입' 모색",한겨레 ,"
                        이재명 더불어민주당 대선 후보 선거대책위원회가 외연 확장을 위한 인재 영입에 속도를 내고 있다. 5선 경력의 원혜영 전 민주당 의원을 후보자 직속 기구인 국가인재...
                    ", 2021.11.14
223,정치,'방역지원금' 예결위 논의가 본게임..당·정 협의 없이 2라운드 갈 듯,한겨레 ,"
                        더불어민주당의 ‘전 국민 20∼25만원 일상회복 방역지원금’이 15일 국회 행정안전위원회 전체회의에서 논의된다. 정부 쪽과 아직 10조원 규모의 증액 협의가 이뤄지지...
                    ", 2021.11.14
224,정치,이재명 '매타버스' 시동..2030 표심 공략 '역벤션' 극복하나,한겨레 ,"
                        [2022 대선] 14일 오후 경남 사천의 한국항공우주산업(KAI·카이) 본사 앞에 파란색 버스 한대가 멈춰섰다. 뒤이어 카이의 젊은 연구원들과 이재명 더불어민주당 대선 ...
                    ", 2021.11.14
225,정치,"'크라켄' 공개, 누리꾼 고발..민주당-국민의힘, 여론조작 대응 '전면전'",한겨레 ,"
", 2021.11.14
226,정치,"'야구광' 윤석열, KS 1차전 직관..""대통령 더 젊게"" 2030 구애 잰걸음",한겨레 ,"
                        [2022 대선] 윤석열 국민의힘 대선 후보가 14일 야구 점퍼를 입고 프로야구 한국시리즈 경기를 관람했다. 또 현행 40살 이상으로 돼있는 대통령 출마 연령도 낮추겠다고...
                    ", 2021.11.14
227,정치,"현역 다녀와야 당당한 남자? 병무청, 홍보 영상 수정키로",한겨레 ,"
                        병무청의 군대 생활 홍보영상으로 사회복무요원 비하 논란이 일자 병무청이 영상 내용을 수정하기로 했다. 병무청은 지난 5일 공식 유튜브 계정에 ‘친구에게 듣는 군 ...
                    ", 2021.11.14
228,정치,"윤석열 ""내년 이맘때 걱정 없게""..종부세 폐지 가능성 시사",한겨레 ,"
                        윤석열 국민의힘 대선후보는 14일 “대통령이 되면 종합부동산세를 전면 재검토하겠다”고 밝혔다. 중장기적으로 종부세를 재산세에 통합하거나 1주택자에 한해서 면제...
                    ", 2021.11.14
229,정치,"이재명 ""부인 때렸다는 소문, 몇시간만에 전국에..터무니없어""",한겨레 ,"
                        이재명 더불어민주당 대선 후보가 최근 낙상사고를 당한 부인 김혜경씨와 공개 통화를 하며 ‘부부싸움’ 논란 종식에 나섰다. 이 후보는 부산·울산·경남 순회 방문 ...
                    ", 2021.11.14
230,정치,"정부, 특별여행주의보 연장..12월중 '국가별 경보'로 단계적 전환",한겨레 ,"
                        [코로나19 단계적 일상회복] 외교부는 코로나19 상황을 고려해 세계 모든 국가·지역에 대한 ‘특별여행주의보’를 12월13일까지로 연장한다고 13일 발표했다. 아울러 ...
                    ", 2021.11.14
231,정치,"""2030을 잡아라""..내년 대선도 세대 투표 된다",한겨레 ,"
                        [한겨레S] 성한용 선임기자의 정치 막전막후 405 세대 투표 1987년 대통령 직선제 도입 이후 지역에 따라 지지하는 후보가 크게 엇갈리는 현상이 나타났습니다. 지역 투...
                    ", 2021.11.14
232,정치,"[공덕포차] ""김종인, 자기 손에 피 안 묻히고 윤석열 캠프를 장악""",한겨레 ,"
                        윤석열 캠프 구성을 두고 날 선 신경전이 이어지고 있는 국민의힘!  급기야 12일, 김종인 전 위원장은 “허수아비 노릇 못 한다”며 엄포를 놓았는데요. 김 전 위원장...
                    ", 2021.11.13
233,정치,"""민주화 세대는 실패했다, 청년에게 자리라도 내주자""",한겨레 ,"
                        “이 수액 한통을 맞는 데 1시간 반 정도가 걸려요. 치료 끝날 때까지 기다려줘요.” 팔에 주사기를 달고 나타난 정태인(61) 전 청와대 국민경제비서관(이하 호칭 생략)...
                    ", 2021.11.13
234,정치,"[논썰] ""따따블로!"" 외치는 이재명-윤석열, '쩐의 전쟁' 뜨겁다",한겨레 ,"
                        전국민 재난지원금 vs 50조 손실보상 여야 대선 후보들이 막대한 예산이 소요되는 공약을 쏟아내고 있습니다. 일각에서는 후보들이 대선을 앞두고 유권자들의 표을 얻기...
                    ", 2021.11.13
235,정치,"'반페미' 글 공유 비판받은 이재명, 청년 간담회서 ""여성 질문 없나요?""",한겨레 ,"
                        부산·울산·경남 등 지역 순회에 나선 더불어민주당 이재명 대선후보가 청년 간담회에서 ‘2030 여성’의 표심을 의식한 듯한 발언을 이어갔다. 남초 커뮤니티에 올라...
                    ", 2021.11.12
236,정치,"20대 여성은 청년 아닌듯..이·윤, 남성 표심잡기 매몰",한겨레 ,"
                        거대 양당의 후보들이 내년 대선의 최대 ‘스윙보터’인 청년들을 향해 표심 경쟁에 나섰지만, 이들이 주목하는 청년은 일부 20대 남성집단에 한정되어 있다는 비판이 ...
                    ", 2021.11.12
237,정치,"'민주당 대선공약 개발 관여' 의혹..선관위, 여가부 차관 등 고발",한겨레 ,"
                        중앙선거관리위원회(선관위)가 더불어민주당에 대선공약에 활용될 자료를 제공했다는 의혹을 받는 김경선 차관 등 여성가족부 공무원 2명을 대검찰청에 고발했다. 여가...
                    ", 2021.11.12
238,정치,"'방역지침 위반' 김 총리 ""깊이 죄송하다는 말씀 드린다""",한겨레 ,"
                        [코로나19 단계적 일상회복] 중앙재난안전대책본부장을 맡고 있는 김부겸 국무총리는 12일 최근 11명이 참석한 식사 모임에 참석해 방역수칙을 위반한 것에 대해 “깊이...
                    ", 2021.11.12
239,정치,"민주 ""특검은 국회의 몫""..이재명 '조건부 특검' 발언 진화 나서",한겨레 ,"
                        더불어민주당 이재명 대선 후보의 검찰 수사가 미진하면 특검 수사를 하자는 ‘조건부 특검’ 발언이 확대 해석되자 민주당이 12일 수습에 나섰다. 상임선대위원장인 송...
                    ", 2021.11.12
240,정치,"이재명, 미 상원의원에 ""일본에 한국 합병된 건 미국 승인 때문""",한겨레 ,"
                        [2022 대선] 이재명 더불어민주당 대선 후보는 12일 존 오소프 미국 상원의원을 만나 “일본에 한국이 합병된 이유는 미국이 가쓰라-태프트 협약을 통해 승인했기 때문...
                    ", 2021.11.12
241,정치,"[예언해줌] ""윤석열, 김종인·홍준표 모두 잡을 수 있어야""",한겨레 ,"
                        [2022 대선] 이번 주 완타치 3K쇼 뉴스 ‘예언해줌 라이브’ 요약본은 선거대책위원회 전권을 둘러싼 윤석열 국민의힘 대선 후보와 김종인 전 비대위원장의 치밀한 신경...
                    ", 2021.11.12
242,정치,"민주당 '위성정당 방지법' 추진.. 이재명 ""우리 당 잘못도 있어""",한겨레 ,"
                        [2022 대선] 이재명 더불어민주당 대선 후보가 ‘위성정당 방지’를 위한 선거법 개정을 당 선거대책위원회에 지시했다고 박찬대 수석대변인이 12일 밝혔다. 이 후보는 ...
                    ", 2021.11.12
243,정치,"윤석열 ""현재 종전선언엔 반대..주한미군 철수 여론 갈 수도""",한겨레 ,"
                        윤석열 국민의힘 대선 후보가 문재인 정부가 추진하는 종전 선언과 관련 “정치적 부작용이 크다”며 반대 입장을 밝혔다. 고고도 미사일 방어체계(THAAD·사드) 추가 ...
                    ", 2021.11.12
244,정치,"심상정 ""주4일제, 2023년부터 시범 도입해 임기 내 달성""",한겨레 ,"
                        [2022 대선] 심상정 정의당 대선 후보는 12일 “과도한 노동시간과 ‘월화수목금금금’ 업무 형태는 시간 불평등이라는 새로운 불평등을 양산하고 있다”며 주4일제 공...
                    ", 2021.11.12
245,정치,이재명 두달간 '매타버스'타고 전국의 2030 만난다,한겨레 ,"
                        이재명 더불어민주당 대선후보가 12일 부산·울산·경남 방문을 시작으로 두 달 간 매주 주말 지역을 순회하며 ‘민심 탐방’에 나선다. 현장 밀착형 행보를 통해 지역...
                    ", 2021.11.12
246,정치,"외교부 ""미 대사관, 외교관 택시충돌 사고 수사 협조하기로""",한겨레 ,"
                        주한미국대사관 소속 외교관의 택시 충돌 사고와 관련해 미대사관 쪽이 수사에 협조하겠다는 뜻을 밝힌 것으로 전해졌다. 외교부 당국자는 12일 “미국 쪽도 이 사안의 ...
                    ", 2021.11.12
247,정치,"이재명 캠프, 아내 입원 '가짜뉴스'에 병원 이송 CCTV 공개",한겨레 ,"
                        [2022 대선] 더불어민주당 이재명 대선후보의 아내 김혜경씨 입원을 두고 가짜뉴스가 돌자 이 후보 쪽이 당시 병원으로 이송되는 모습이 담김 폐회로 티브이(CCTV) 장면...
                    ", 2021.11.12
248,정치,"""윤석열 컨벤션 효과?..여론조사, 양쪽 모두 오판하기 쉽다""",한겨레 ,"
                        한국리서치 여론조사전문위원인 정한울 박사와 미디어플랫폼 <얼룩소>의 천관율 에디터는 폭넓은 데이터를 바탕으로 정치 분석을 하는 공동 작업을 오래 전부터 계속해 ...
                    ", 2021.11.12
249,정치,"김종인 ""윤, 사람에 집착하면 성공 못 해..100% 확신 없으면 안 도와""",한겨레 ,"
                        김종인 국민의힘 전 비상대책위원장이 윤석열 후보의 선거대책위원회 합류에 대해 “허수아비 노릇을 할 수 없다”며 전권이 주어져야 캠프에 합류할 수 있다고 거듭 밝...
                    ", 2021.11.12
250,정치,"지지율 박스권에 갇힌 이재명..여당 ""한 방 없다"" 끙끙",한겨레 ,"
                        이재명 더불어민주당 대선후보의 지지율 침체에 당의 고심이 깊어지고 있다. 겉으로는 지난 5일 최종 주자로 확정된 윤석열 국민의힘 후보의 ‘컨벤션 효과’로 인한 일...
                    ", 2021.11.12
251,정치,김부겸 총리 '11명 식사' 방역수칙 위반,한겨레 ,"
                        코로나19 방역 책임자인 김부겸 국무총리가 자신을 포함해 11명이 함께 식사를 해 방역수칙을 위반한 것으로 11일 확인됐다. 수도권에선 현재 사적 모임 인원이 10명까...
                    ", 2021.11.11
252,정치,"이재명 ""가상자산 과세 1년 유예""..젊은표 잡으려 정책 뒤집나",한겨레 ,"
                        [2022 대선] 이재명 더불어민주당 후보가 “가상자산 과세 1년 유예”를 공식화했다. 지지세가 취약한 2030 청년층에게 다가서기 위해 민주당이 먼저 내년 1월 과세 계...
                    ", 2021.11.11
253,정치,[공덕포차] 동상이몽 윤석열 캠프와 박스권에 갇힌 이재명,한겨레 ,"
                        [시사맛집 공덕포차 시즌3] 선대위 구성을 두고 갈등을 빚고 있는 윤석열 캠프 ~ 이준석 대표는 애써 갈등설을 수습하고 나섰지만 ... 윤 후보의 꿈과 김종인의 꿈과 이...
                    ", 2021.11.11
254,정치,거대양당의 정치개혁.. '위성정당'은 쏙 뺐다,한겨레 ,"
                        국회가 11일 본회의를 열어 정치개혁 특별위원회(정개특위) 구성안을 통과시켰지만 연동형 비례대표제를 무력화한 위성정당 방지 등 선거제도 개혁은 논의 대상에서 제...
                    ", 2021.11.11
255,정치,미 동아태차관보 방한 메시지는 '중국 견제 공급망 재편',한겨레 ,"
                        방한 중인 대니얼 크리튼브링크 미 국무부 동아시아태평양 차관보가 11일 한국 정부 고위급 인사들과 연쇄 접촉하며 전한 핵심 메시지는 ‘공급망 확보’ 등 ‘세계적 ...
                    ", 2021.11.11
256,정치,'유엔참전용사 국제추모의 날' 행사 열려,한겨레 ,"
                        한국전쟁 유엔군 참전용사들의 희생을 기리는 국제추모행사가 11일 부산에서 열렸다. 이날 오전 11시 부산 유엔기념공원에서 열린 ‘유엔참전용사 국제추모의 날' 행사...
                    ", 2021.11.11
257,정치,"한국형 전투기 사업, 왜 인도네시아와 함께 할까",한겨레 ,"
                        지난 4월9일 문재인 대통령이 참석한 국산 전투기 KF-21(보라매) 시제 1호기 출고식은 국민들의 큰 관심을 받았다. 첫 공개된 국산 전투기 KF-21(보라매) 시제기(성능을...
                    ", 2021.11.11
258,정치,"이재명 ""부동산 개발이익 공유 참여 국민에 코인 배당""",한겨레 ,"
                        이재명 더불어민주당 후보가 “가상자산 과세 1년 유예”를 공식화했다. 지지세가 취약한 2030 청년층에게 다가서기 위해 민주당이 먼저 내년 1월 과세 계획을 미루겠다...
                    ", 2021.11.11
259,정치,"이재명, 미 차관보-중 대사 연쇄 회동..외교 행보 첫발",한겨레 ,"
                        [2022 대선] 이재명 더불어민주당 대선 후보가 11일 미국 국무부 동아시아·태평양 담당 차관보와 주한중국대사를 잇달아 만나며 외교 행보에 나섰다. 앞서 “미국과의 ...
                    ", 2021.11.11
260,정치,○○○ 들어오고 △△△ 밀려난다?..윤석열 선대위 구성 신경전,한겨레 ,"
                        윤석열 국민의힘 대선 후보를 지원할 선거대책위원회(선대위) 인선을 둔 당 안팎의 신경전이 치열하다. 총괄선대위원장으로 거론되는 김종인 전 비상대책위원장의 쇄신...
                    ", 2021.11.11
261,정치,국민의힘 '부동산 의혹' 징계 0건..'꼼수 의총'으로 제명안 미처리,한겨레 ,"
                        국민의힘이 지난 8월 국민권익위원회의 부동산 전수조사 결과에서 투기 의혹이 드러난 의원들에 대한 징계안을 단 한 건도 이행하지 않고 있다. 11일에는 경찰에서 무혐...
                    ", 2021.11.11
262,정치,'게임 셧다운제' 10년 만에 사라져..폐지법 본회의 통과,한겨레 ,"
                        자정부터 오전 6시까지 16살 미만 청소년들이 인터넷 게임을 제한했던 ‘게임 셧다운제’가 10년 만에 폐지됐다. 세무사 자격이 있는 변호사여도 법률이 정한 범위 안에...
                    ", 2021.11.11
263,정치,이준석이 윤석열에 건넨 '첫번째 비단주머니'가 공개됐다,한겨레 ,"
                        이준석 국민의힘 당대표가 윤석열 대선후보에게 ‘대선 비책’으로 건넸다던 첫 번째 ‘비단 주머니’의 내용물이 공개됐다. 대선 기간 중 포털에서의 댓글 조작을 감시...
                    ", 2021.11.11
264,정치,"윤석열, '김대중 기념관' 찍고 봉하마을로..""통합정신 배우겠다""",한겨레 ,"
                        윤석열 국민의힘 대선 후보가 광주 5·18민주묘지를 참배한 데 이어 11일 목포 김대중 노벨평화상기념관과 노무현 전 대통령 묘역을 차례로 방문했다. 후보로 선출된 뒤...
                    ", 2021.11.11
265,정치,"정의용, 하야시 신임 일본 외무상에 축하 서한",한겨레 ,"
                        정의용 외교부 장관이 지난 10일 하야시 요시마사 일본 신임 외무상에게 축하 서한을 보낸 것으로 11일 알려졌다. 외교부 당국자는 11일 기자들과 만나 “어제 날짜로 ...
                    ", 2021.11.11
266,정치,군 비축 요소수 20만리터 민간 방출,한겨레 ,"
                        군이 11일 비축한 요소수 445톤 중 절반가량인 210톤이 한시적 대여 방식으로 민간에 공급했다. 리터로 환산하면 요소수 20만여리터다. 군 비축물량은 부산, 인천, 광양...
                    ", 2021.11.11
267,정치,최재해 감사원장 임명동의안 국회 통과,한겨레 ,"
                        최재해 감사원장 후보자에 대한 임명동의안이 11일 국회를 통과했다. 이날 본회의에 상정된 최 후보자에 대한 임명동의안은 재석의원 252명 가운데 찬성 223표, 반대 23...
                    ", 2021.11.11
268,정치,"[속보] 국회, 곽상도 의원 사직안 통과..찬성 194, 반대 41",한겨레 ,"
                        [대장동 개발사업 논란] 국회가 11일 본회의를 열어 곽상도 전 국민의힘 의원의 사직안을 통과시켰다. 곽 의원의 사직안은 이날 재석 의원 252명 중 찬성 194명, 반대 4...
                    ", 2021.11.11
269,정치,청와대 새 경제수석에 박원주 전 특허청장,한겨레 ,"
                        문재인 대통령이 청와대 경제수석을 ‘산업부 관료 출신’ 박원주(57) 전 특허청장으로 교체했다. 문 대통령은 11일 대통령비서실 경제수석 비서관에 박원주 전 특허청...
                    ", 2021.11.11
270,정치,10월 말 '로마' 한-중 외교회담 때도 '요소수 문제' 인식밖,한겨레 ,"
                        정의용 외교부 장관이 지난달 29일(현지시각) 이탈리아 로마에서 왕이 중국 국무위원 겸 외교부장과 한-중 외교장관 회담 당시 요소수 문제에 대해 따로 보고를 받지 못...
                    ", 2021.11.11
271,정치,"[리얼미터] 국민 70% ""정치보복 지속될 것""",한겨레 ,"
                        국민 10명 중 7명꼴로 ‘앞으로도 정치보복이 지속될 것으로 본다’는 여론조사가 결과가 나왔다. 리얼미터가 한국정책과학원 의뢰로 지난 10일 전국 성인 500명에게 ‘...
                    ", 2021.11.11
272,정치,[전국지표조사] 대선주자 지지도 윤석열 39% 이재명 32%,한겨레 ,"
                        차기 대선주자 지지도를 묻는 여론조사에서 윤석열 국민의힘 후보가 이재명 더불어민주당 후보를 오차범위 밖에서 앞서는 것으로 11일 나타났다. 엠브레인퍼블릭·케이...
                    ", 2021.11.11
273,정치,"'남색 표지' 차세대 전자여권, 내달 21일부터 전면 발급",한겨레 ,"
                        내달 21일부터 차세대 전자여권이 일반 국민에게도 전면 발급된다. 외교부는 “올해 12월 21일부터 일반 국민을 대상으로 보안성·내구성이 강화된 폴리카보네이트(PC) ...
                    ", 2021.11.11
274,정치,"문 대통령 ""기후위기와 공급망 위기가 농업에도 영향..최선 다할 것""",한겨레 ,"
                        문재인 대통령이 11일 제26회 농업인의날을 맞아 “기후위기와 공급망 위기가 농업에도 영향을 미치고 있지만, 정부는 우리 농업이 경쟁력을 더 키울 수 있도록 최선을 ...
                    ", 2021.11.11
275,정치,"최강욱 ""김건희 허위경력 업무방해..윤석열, 내로남불 없단 말 지켜라""",한겨레 ,"
                        최강욱 열린민주당 의원이 윤석열 국민의힘 대선 후보의 아내인 김건희씨의 허위 이력 논란과 관련해 “법률적으로 업무방해에 해당한다. 내로남불 없다는 말을 지키라...
                    ", 2021.11.11
276,정치,"[영상] '김대중기념관' 찾은 윤석열 ""김대중 정신은 국민통합""",한겨레 ,"
                        윤석열 국민의힘 대선 후보가 광주 5·18민주묘지를 참배한 데 이어 11일 목포 김대중 노벨평화상기념관을 방문했다. 윤 후보는 “‘김대중 정신’ 하면 가장 먼저 내세...
                    ", 2021.11.11
277,정치,이준석이 윤석열에 건넨 '비단 주머니' 안엔 뭐가 들었을까,한겨레 ,"
                        [2022 대선] 이준석 국민의힘 대표가 지난 8일 윤석열 후보에게 ‘대선 승리 비책’이라며 건넨 비단주머니 안엔 뭐가 들었을까. 이 대표는 11일 <한국방송>(KBS) 라디...
                    ", 2021.11.11
278,정치,"이재명, 코인 소득 공제한도에 ""너무 낮다..대폭 상향 필요""",한겨레 ,"
                        이재명 더불어민주당 대선 후보가 내년 1월 예정된 가상자산 과세 시기를 1년 유예하겠다는 공약을 내놨다. 이 후보는 11일 페이스북에 “가상자산 과세, 1년 늦추겠다...
                    ", 2021.11.11
279,정치,"김 총리 ""요소수 안정화까지 수입·생산·판매 명령으로 수급관리""",한겨레 ,"
                        정부가 요소수 국내 수급을 안정적으로 관리하기 위해 요소와 요소수에 대한 ‘긴급 수급조정 조치’를 시행하기로 했다. 김부겸 국무총리는 11일 정부서울청사에서 열...
                    ", 2021.11.11
280,정치,망언 22일만에 '비석 없는' 신 묘역 방문으로 끝난 윤석열의 사과,한겨레 ,"
                        윤석열 국민의힘 대선후보가 10일 광주 국립5·18민주묘지를 찾아 “제 발언으로 상처받으신 모든 분들께 머리 숙여 사과드린다”라고 말했다. 지난달 “전두환 전 대통...
                    ", 2021.11.10
281,정치,"청 NSC ""요소수 수급 안정, 외교적 협의에 총력""",한겨레 ,"
                        [요소수 대란] 청와대가 10일 국가안전보장회의(NSC) 상임위를 열어 요소수 수급 안정화 방안을 협의했다고 밝혔다. 서훈 청와대 국가안보실장 주재로 열린 이날 상임위...
                    ", 2021.11.10
282,정치,"이재명 ""차별금지법 오해 불식 바람직..남녀 공평한 기회를""",한겨레 ,"
                        이재명 더불어민주당 대선 후보가 10일 “차별금지법은 반드시 필요하고 해야 할 일이라는 생각에는 변함이 없다”면서도 “일방통행 강행처리 방식으로 갈등을 극화하...
                    ", 2021.11.10
283,정치,"이재명 ""음주운전 경력자보다 초보운전자가 더 위험""",한겨레 ,"
                        이재명 더불어민주당 대선 후보는 10일 “음주운전 경력자보다 초보운전자가 더 위험하다고 생각한다”며 윤석열 국민의힘 후보를 겨냥했다. 자신의 음주운전 이력을 인...
                    ", 2021.11.10
284,정치,이준석·권성동 '선대위 인선' 미묘한 공방..윤석열 정치력 '시험대',한겨레 ,"
                        국민의힘 대선 조직 구성을 둘러싼 물밑 신경전이 계속되고 있다. 김종인 전 비상대책위원장과 이준석 대표가 캠프 인적 쇄신을 요구하면서 선거대책위원회 주도권 다툼...
                    ", 2021.11.10
285,정치,"""기본소득, 박 전 대통령이 첫 시도..국민의힘 정강정책 1조1항""",한겨레 ,"
                        이재명 더불어민주당 대선후보는 10일 ‘간판공약’인 기본소득의 지급액 적다는 지적에 대해 “동의하기 어렵다”고 반박했다. 또 국민의힘 정강정책에 기본소득이 포...
                    ", 2021.11.10
286,정치,"이재명 ""검찰 수사 미진하면 대장동 특검""..국민의힘 ""즉각 수용""",한겨레 ,"
                        [2022 대선] 이재명 더불어민주당 대선 후보가, 검찰의 대장동 의혹 수사가 미진할 경우 윤석열 국민의힘 후보의 검사 시절 부산저축은행 부실수사 의혹 등을 포함해 특...
                    ", 2021.11.10
287,정치,"이재명 ""3기 민주당 정부 100% 잘하지 않아..부동산 문제 악화""",한겨레 ,"
                        더불어민주당 이재명 대선 후보는 “사회경제 개혁이 국민 기대에 못 미쳤을 뿐 아니라 부동산 문제를 악화시켰다는 비판을 받아들이지 않을 수 없는 상황”이라며 “문...
                    ", 2021.11.10
288,정치,"홍남기 ""재난지원금 위한 납부유예, 맘대로 아냐 법에 요건 있어""",한겨레 ,"
                        홍남기 부총리 겸 기획재정부 장관은 더불어민주당이 이재명 후보의 전국민 재난지원금 공약을 관철하기 위해 꺼내놓은 초과 세수분 ‘납부유예’ 방안에 대해 10일 “...
                    ", 2021.11.10
289,정치,"문 대통령, 기시다 일 총리에 다시 서한..""한일관계 발전 위해 함께 노력""",한겨레 ,"
                        문재인 대통령은 10일 오후 기시다 후미오 일본 총리 앞으로 서한을 보내 한일 관계 발전을 위해 함께 노력해 나가자는 뜻을 전달했다고 청와대가 밝혔다. 박경미 청와...
                    ", 2021.11.10
290,정치,"3년 전 '학교 정치화' 우려하던 국민의힘..""피선거권도 18살로"" 선제적 당론",한겨레 ,"
                        국민의힘이 국회의원 등 선거 출마 연령을 현행 25살 이상에서 18살 이상으로 낮추는 공직선거법 개정안을 당론으로 발의했다. 3년 전 자유한국당 시절 투표할 수 있는 ...
                    ", 2021.11.10
291,정치,"'전두환 옹호' 윤석열, 광주 찾아 ""상처받은 모든 분께 사과""",한겨레 ,"
                        윤석열 국민의힘 대선 후보가 광주 5·18민주묘지를 참배하면서 “제 발언으로 상처받으신 모든 분들께 머리 숙여 사과드린다”고 밝혔다. 10일 광주 북구 운정동 국립 ...
                    ", 2021.11.10
292,정치,"한반도 보건의료협력 플랫폼 출범 ""한반도 생명·안전 공동체 추구""",한겨레 ,"
                        “한반도 생명·안전 공동체 형성”을 목표로 정부·지자체·국제기구·비정부기구·학계가 두루 참여한 ‘한반도 보건의료협력 플랫폼’이 10일 출범했다. ‘한반도 보...
                    ", 2021.11.10
293,정치,"문 대통령, 21일 국민과 직접 대화한다..'타운홀 미팅' 방식",한겨레 ,"
                        문재인 대통령이 오는 21일 ‘국민과의 대화’ 형식으로 임기 말 대국민 소통에 나선다. 박경미 청와대 대변인은 10일 “문재인 대통령은 11월21일 저녁 7시10분부터 10...
                    ", 2021.11.10
294,정치,"""주체의 태양"" ..노동신문, 1면 머리 논설로 '김정은 띄우기'",한겨레 ,"
                        김정은 조선노동당 총비서 겸 국무위원장은 “주체의 태양”이자 “주체조선의 힘”이자 “영원한 승리의 기치”라고 10일 <노동신문>이 1면 머리기사로 다룬 ‘논설’...
                    ", 2021.11.10
295,정치,"유영민, 요소수 사태에 ""뼈아프지만, 비싼 수업료 냈다 생각""",한겨레 ,"
                        유영민 대통령 비서실장이 10일 요소수 품귀 사태와 관련해 “조금 더 일찍 예견하고 준비해왔더라면 하는 아쉬움은 있다”면서도 “이번에 늦었지만 지난주부터 굉장히...
                    ", 2021.11.10
296,정치,"이재명 '조건부 특검론'..""대장동 수사 미진하면 수용, 윤석열 포함""",한겨레 ,"
                        [2022 대선] 이재명 더불어민주당 대선 후보가 검찰의 대장동 의혹 수사가 미진하면 윤석열 국민의힘 후보의 부산저축은행 부실수사 의혹 등을 포함해 특검 수사를 하자...
                    ", 2021.11.10
297,정치,[리얼미터] 윤석열 44.4% 이재명 34.6% 안철수 5.4% 심상정 2.8%,한겨레 ,"
                        [2022 대선] 윤석열 국민의힘 대선 후보가 차기 대선 지지도 조사에서 이재명 더불어민주당 대선 후보를 앞서는 흐름이 이어지고 있다. 여론조사기관 리얼미터가 <와이...
                    ", 2021.11.10
298,정치,"이재명-윤석열 첫 만남..윤 ""성남 법정에서 자주 봐""-이 ""기억 없어""",한겨레 ,"
                        [2022 대선] 대선 본선 진출이 확정된 이재명·윤석열 후보가 10일 처음으로 만나 축하인사와 덕담을 건넸지만 오가는 대화 속에 묘한 긴장감도 흘렀다. 이날 서울 광진...
                    ", 2021.11.10
299,정치,"김부겸 ""방역지표 예상보다 빠르게 악화..위기 재현 가능성도""",한겨레 ,"
                        김부겸 국무총리가 10일 “중환자 및 사망자 수, 감염재생산지수 등 여러 방역지표들이 예상보다 더 빠르게 악화되고 있다”고 밝혔다. 김 총리는 이날 정부서울청사에...
                    ", 2021.11.10
300,정치,"중, 요소 1만 8700톤 수출절차 진행..내주 중 300톤 출항 예정",한겨레 ,"
                        중국 정부가 한국 기업들이 계약한 요소 1만8천여t에 대한 수출 절차를 진행할 것으로 확인하면서 요소수 품귀의 급한 불은 끌 수 있을 모양새다. 일단 내주중으로 수출...
                    ", 2021.11.10
301,정치,"여당, 전국민 재난지원금으로 급선회.. '이재명 브랜드' 무시 못해",한겨레 ,"
                        [2022 대선] 더불어민주당이 9일 ‘방역지원금’을 본격화하고 나선 것은 전국민 재난지원금을 지속적으로 주장해온 이재명 대선 후보의 정책 노선을 당 차원에서 뒷받...
                    ", 2021.11.10
302,정치,"대리전 펼친 양당 대표..""추진력 이재명"" vs ""개천용 시대는 끝나""",한겨레 ,"
                        송영길 더불어민주당 대표는 “누가 더 실천할 수 있는 능력과 의지가 있는지 중요한데 이재명은 보여줬다”며 이 후보의 추진력을 내세웠다. 반면 이준석 국민의힘 대...
                    ", 2021.11.10
303,정치,"이재명 ""여가부, 성평등가족부로..남성이라고 차별 옳지 않아""",한겨레 ,"
                        [2022 대선] 이재명 더불어민주당 대선 후보가 9일 “차제에 여성가족부를 평등가족부나 성평등가족부로 바꾸고 일부 기능을 조정하는 방안을 제안한다”고 밝혔다. 이 ...
                    ", 2021.11.09
304,정치,전국민지원금 준다고 '납세 유예' 꺼낸 여당,한겨레 ,"
                        더불어민주당이 이재명 대선 후보가 제안한 전국민 재난지원금을 ‘방역지원금’으로 이름을 바꿔 내년 1월 지급하겠다고 밝혔다. 재원은 정부와 마찰을 빚었던 초과세...
                    ", 2021.11.09
305,정치,이재명 사이다를 고구마로?..후보 입단속 놓고 선대위 삐걱,한겨레 ,"
                        이재명 더불어민주당 대선 후보가 기자의 현장 질의에 답변을 거부하면서 잡음이 일고 있다. 이 후보를 수행하고 있는 수행단이 즉흥발언으로 인한 설화를 줄이겠다는 ...
                    ", 2021.11.09
306,정치,"급제동 차별금지법..정의당, ""단독처리 안 한다""는 이재명에 맹폭",한겨레 ,"
                        더불어민주당이 차별금지법 공론화를 공언했지만 국민의힘의 반대에 이재명 대선 후보까지 ‘신중론’을 펴면서 입법 논의가 또다시 표류할 가능성이 커지고 있다. 국회...
                    ", 2021.11.09
307,정치,전국여성대회 열린 날..본선후보 윤석열·심상정·안철수 한 자리에,한겨레 ,"
                        대선 대진표가 확정된 뒤 이재명 더불어민주당 후보를 제외한 대선 주자 3명이 전국여성대회에 모여 “경력단절 해소”, “여성가족부 기능 강화” 등을 약속하며 여성 ...
                    ", 2021.11.09
308,정치,'요소수 대란'에 11일 임시 국무회의 '할당관세 인하' 논의,한겨레 ,"
                        정부가 요소수 수급 대책을 마련하기 위해 오는 11일 임시 국무회의를 열어 할당관세 인하 등을 심사하기로 했다. 김부겸 국무총리는 9일 청와대에서 열린 문재인 대통...
                    ", 2021.11.09
309,정치,미 동아태차관보 방한.. 산업통상자원부 가는 까닭은,한겨레 ,"
                        10일 방한하는 대니얼 크리튼브링크 미국 국무부 동아시아·태평양 담당 차관보가 외교부뿐 아니라 산업통상자원부와도 협의 일정을 조율 중인 것으로 알려졌다. 여야 ...
                    ", 2021.11.09
310,정치,"천안함, 11년만에 신형 호위함으로 돌아왔다",한겨레 ,"
                        2010년 침몰한 천안함이 신형 호위함으로 부활했다. 해군과 방위사업청은 9일 오후 울산 현대중공업에서 ‘천안함' 진수식을 열었다. 배수량 2800톤급인 호위함은 현재 ...
                    ", 2021.11.09
311,정치,"문 대통령 ""공무원에 대한 직장 내 괴롭힘, 제도개선 모색""",한겨레 ,"
                        문재인 대통령이 9일 공무원에 대한 직장 내 괴롭힘과 관련해 구체적 규정과 업무상 재해 인정 부분에 있어 제도 개선을 모색하라고 지시했다. 박경미 청와대 대변인은 ...
                    ", 2021.11.09
312,정치,"'피선거권 연령 하향' 논의 시작한다..여야, 정개특위 구성 합의",한겨레 ,"
                        여야가 국회 정치개혁특별위원회를 구성해 피선거권 연령 하향 등을 논의하기로 했다. 더불어민주당 한병도, 국민의힘 추경호 원내수석부대표는 9일 국회에서 만나 정개...
                    ", 2021.11.09
313,정치,"문 대통령, 12일 APEC 정상회의 참석..글로벌 공급망 논의",한겨레 ,"
                        문재인 대통령이 12일 저녁 화상으로 열리는 제28차 아시아태평양경제협력체(APEC·아펙) 정상회의에 참석해 글로벌 공급망 유지 등에 대해 집중 논의할 예정이라고 청...
                    ", 2021.11.09
314,정치,"장혜영, 이재명 '차별금지법 강행 반대'에 ""윤석열 따라하기""",한겨레 ,"
                        [2022 대선] 차별금지법 입법을 추진하고 있는 장혜영 정의당 의원이 “이재명 더불어민주당 대선 후보는 다음 대통령이 될 자격이 없다”며 전날 “(차별금지법의) 일...
                    ", 2021.11.09
315,정치,"국힘 ""'윤석열 50조 손실보상' 검토 중..집권 뒤 추경할 수도""",한겨레 ,"
                        국민의힘이 윤석열 후보의 ‘50조원 손실보상안’을 놓고 ‘포퓰리즘 정책’이라는 비판이 나오자, 지출 구조조정과 추가경정예산 가능성을 언급하며 실천 방안을 찾겠...
                    ", 2021.11.09
316,정치,[예언해줌]선대위 재건축? 리모델링? '김종인-윤석열 힘겨루기',한겨레 ,"
                        [it슈 예언해줌] 이번 주 완터치 3K쇼 뉴스 ‘예언해줌 라이브’는 더불어민주당 대선 후보로 확정된 뒤에 30% 안팎의 지지율에 갇히며 컨벤션효과를 누리지 못하는 이...
                    ", 2021.11.09
317,정치,"안철수, 이재명·윤석열 향해 ""나랏빚 판돈삼아 쩐의 전쟁""",한겨레 ,"
                        ‘제3지대’ 대선 주자인 안철수 국민의당 대선 후보와 김동연 전 경제부총리가 9일 “포퓰리즘 경쟁”이라며 더불어민주당 이재명 후보의 전 국민 재난지원금 공약과 ...
                    ", 2021.11.09
318,정치,[리얼미터] 윤석열 46.2% 이재명 34.2%,한겨레 ,"
                        윤석열 국민의힘 대선 후보가 이재명 더불어민주당 후보를 대선 지지도에서 오차범위 이상 앞선다는 여론조사 결과가 계속 나오고 있다. 여론조사업체인 리얼미터가 <오...
                    ", 2021.11.09
319,정치,윤석열 후보 선출 뒤 국민의힘 탈당자 6500여명,한겨레 ,"
                        윤석열 대선 후보가 선출된 지난 5일 국민의힘 전당대회 이후 전체 탈당자 수가 6500여명인 것으로 확인됐다. 경선 투표권이 있었던 책임당원 탈당자 중 20~30대 청년층...
                    ", 2021.11.09
320,정치,"민주당 ""위드 코로나 방역지원금 추진""..전국민재난지원금 공식화",한겨레 ,"
                        더불어민주당이 9일 단계적 일상회복(위드 코로나) 시행을 위한 ‘방역지원금’이라는 이름으로 이재명 대선 후보가 제안한 전국민 재난지원금 추진을 공식화했다. 윤호...
                    ", 2021.11.09
321,정치,"이재명 후보, 오늘 일정 전면 취소..부인 '낙상사고' 입원 탓",한겨레 ,"
                        이재명 더불어민주당 대선 후보가 9일 부인 김혜경씨의 입원으로 이날 예정된 일정을 모두 취소했다. 민주당은 이날 새벽 김씨가 낙상 사고로 경기도의 한 병원에 입원...
                    ", 2021.11.09
322,정치,"문 대통령 ""요소수 등 생활 밀접 품목까지 관리범위 넓혀 대책 강구""",한겨레 ,"
                        문재인 대통령이 요소수 품귀 상황과 관련해 “수입 지체를 조기에 해결하려는 노력과 함께 수입 대체선의 발굴에도 최선을 다하고 있으니 국민들께서는 지나친 불안감...
                    ", 2021.11.09
323,정치,"문 대통령 ""소방공무원 2만명 충원 약속 지키겠다""",한겨레 ,"
                        문재인 대통령이 9일 소방의날을 맞아 “정부는 소방공무원 2만명 충원 약속을 지키고, 30%에서 80%까지 높아진 ‘구급차 3인 탑승’도 더욱 높여가겠다”고 밝혔다. 문...
                    ", 2021.11.09
324,정치,"심상정, 이재명에 ""차별금지법 나중에 할 거면 대통령도 나중에""",한겨레 ,"
                        [차별 대신 차이로-포괄적 차별금지법 제정] 심상정 정의당 대선 후보가 “(차별금지법) 일방통행식의 처리는 바람직하지 않다”고 한 이재명 더불어민주당 후보를 향해...
                    ", 2021.11.09
325,정치,"이재명 ""국토보유세, 1가구1주택 포함 국민 90%는 혜택""",한겨레 ,"
                        이재명 더불어민주당 대선 후보는 “부동산이 필요한 사람 외에 부동산을 가질 이유가 없게 만들어야 한다”며 기본소득토지세(국토보유세) 도입을 통한 부동산 실효 보...
                    ", 2021.11.09
326,정치,"이재명은 ""40조"", 당은 ""10∼15조""..알쏭달쏭 민주당 '초과세수'",한겨레 ,"
                        이재명 더불어민주당 대선 후보와 민주당 관계자들이 전국민 추가 재난지원금 지급 필요성을 주장하면서 언급하는 ‘초과세수’ 규모가 때마다 달라 혼선이 일고 있다. ...
                    ", 2021.11.09
327,정치,"이재명 ""기본소득 포기할 수 없어..단계적으로 검증해가며 시행""",한겨레 ,"
                        이재명 더불어민주당 대선 후보가 “경선 후보의 정책과 본선 후보의 정책은 다를 수 있다”며 간판 공약인 기본소득의 규모와 적용 방안 등을 당과 협의해 나가겠다고 ...
                    ", 2021.11.09
328,정치,"이재명 ""정치는 복수혈전 무림 아냐..공화국에선 왕이 필요없다""",한겨레 ,"
                        이재명 더불어민주당 대선 후보는 윤석열 국민의힘 대선 후보를 향해 “여기 정치의 장은 복수혈전 하는 무림 세상이 아니다”라며 “정치보복 또는 정치세력 교체, 여...
                    ", 2021.11.09
329,정치,"문 대통령 딸 '청와대 거주' 논란에..야 ""부모 찬스"" 청 ""위법 없다""",한겨레 ,"
                        문재인 대통령의 딸 다혜 씨가 지난해 말 타이에서 입국한 후 1년 가까이 자녀와 함께 청와대 관저에서 지내고 있다는 언론보도에 대해 야당은 8일 “대통령 딸의 아빠 ...
                    ", 2021.11.09
330,정치,'컨벤션 효과' 톡톡히 누린 윤석열..'정책행보' 안 먹힌 이재명,한겨레 ,"
                        윤석열 국민의힘 대선 후보가 8일 발표된 각종 여론조사에서 이재명 더불어민주당 대선 후보를 따돌리며 ‘컨벤션 효과’(정치적 이벤트 뒤 지지율이 상승하는 현상)를 ...
                    ", 2021.11.08
331,정치,이재명이 일독 권한 커뮤니티 글..'페미니즘과 결별' 내용도 담겨 논란,한겨레 ,"
                        이재명 더불어민주당 후보가 8일 중앙선거대책위원회 회의에서 ‘2030 남성들이 국민의힘 홍준표 의원을 지지한 이유’가 담긴 온라인에 올라온 글을 읽어볼 것을 권했...
                    ", 2021.11.08
332,정치,"""윤석열 후보 확정 뒤 수도권 탈당자 1800명..20·30세대가 75%""",한겨레 ,"
                        윤석열 대선 후보가 선출된 지난 5일 국민의힘 전당대회 뒤 탈당한 수도권 당원 수가 1800명이 넘고 이중 75%가 20~30대 청년층인 것으로 드러났다. 이는 이준석 대표가...
                    ", 2021.11.08
333,정치,"""요소수 문제 커질 줄은.."" 청와대 오판이 혼란 불렀다",한겨레 ,"
                        문재인 대통령은 8일 청와대 참모회의에서 “매점매석에 대한 철저한 단속과 함께 공공부문 여유분을 활용하는 등 국내 수급물량 관리에 만전을 기하는 한편, 해외 물량...
                    ", 2021.11.08
334,정치,"이재명 ""스타트업 독점 이익 자제해야..사회적 책임 조화도 필요""",한겨레 ,"
                        [2022 대선] 이재명 더불어민주당 대선 후보가 스타트업 대표들과 만나 규제 혁신의 필요성을 강조하면서도 독점에 의한 과도한 이익 추구를 자제해야 한다고 밝혔다. ...
                    ", 2021.11.08
335,정치,"윤 ""소상공인 50조 보상""..당정 ""재정 과다해 현실성 없어""",한겨레 ,"
                        여야는 8일 “새 정부 출범 100일 동안 50조원을 투입해 정부의 영업제한으로 인한 피해를 보상하겠다”는 윤석열 국민의힘 대선 후보의 발언과 관련해, 재원 마련 방안...
                    ", 2021.11.08
336,정치,"""후보는 걸으면서 말 안한다""..이재명, 취재진 현장 질의에 ""..""",한겨레 ,"
                        이재명 더불어민주당 대선 후보가 기자들의 현장 취재에 일절 응하지 않기로 하면서 논란을 빚고 있다. 이 후보는 8일 오전 민주당 중앙선거대책위원회 회의를 마친 뒤 ...
                    ", 2021.11.08
337,정치,"윤석열 ""특정인 독점 주도 안돼"" 김종인 ""자리사냥꾼 선별해야""",한겨레 ,"
                        국민의힘 대선 선거대책위원회 구성을 두고 윤석열 후보와 김종인 전 비상대책위원장, 이준석 대표가 힘겨루기 양상을 보이고 있다. 윤 후보가 경선 캠프를 이끌던 4선 ...
                    ", 2021.11.08
338,정치,"이재명 ""차별금지법 단독 처리, 바람직하지 않다""",한겨레 ,"
                        이재명 더불어민주당 대선 후보가 국민청원으로 국회 법제사법위원회에 회부된 차별금지법 단독 처리에 반대한다는 뜻을 밝혔다. 이 후보는 8일 서울 종로 한국기독교회...
                    ", 2021.11.08
339,정치,"문 대통령 '축하 난' 윤석열에 전달 불발..윤 쪽 ""일정이 빡빡해서""",한겨레 ,"
                        이철희 청와대 정무수석이 윤석열 국민의힘 대선 후보를 예방해 문재인 대통령의 축하 메시지를 전달하려 했으나, 직전 만남이 미뤄진 것으로 알려졌다. 윤석열 캠프의 ...
                    ", 2021.11.08
340,정치,"심상정 ""행동하는 기후 대통령, 주4일제 대한민국 실현""",한겨레 ,"
                        정의당이 8일 20대 대통령선거 선거대책위원회를 꾸리고 본격적인 대선 준비에 돌입했다. 심상정 대선 후보는 국회에서 한 선대위 출범식에서 “기후위기 앞에서 곧바로...
                    ", 2021.11.08
341,정치,"정부, 중국 요소 수출 제한 발표 열흘 뒤에야 ""우려 파악""했다",한겨레 ,"
                        차량용 ‘요소수’ 품귀 현상으로 물류대란이 우려되는 가운데 외교부는 계약된 물량부터 신속하게 들여올 수 있도록 중국 정부와 긴밀하게 협의를 진행하고 있다고 밝...
                    ", 2021.11.08
342,정치,"윤석열 이어 안철수 ""대장동·고발사주"" '쌍특검' 주장",한겨레 ,"
                        [2022 대선] 안철수 국민의당 대선 후보가 “대장동, 고발 사주 사건 특검을 함께하자”고 말했다. 윤석열 국민의힘 대선 후보의 ‘쌍특검’ 제안에 힘을 실은 것이다. ...
                    ", 2021.11.08
343,정치,"요소수 늑장 대응에..김부겸 ""아프게 반성한다""",한겨레 ,"
                        김부겸 국무총리가 8일 요소수 부족 사태와 관련해 “아프게 반성한다”고 밝혔다. 김 총리는 이날 오전 국회에서 열린 예산결산특별위원회 종합정책질의에서 “너무 늦...
                    ", 2021.11.08
344,정치,요소수 품귀에 군 비축 물량까지 푼다..20만L 가량 검토,한겨레 ,"
                        국방부가 요소수 품귀 대책으로 군이 비축한 요소수 일부를 민간에 풀기로 했다. 부승찬 국방부 대변인은 8일 정례브리핑에서 “군 작전에 지장을 초래하지 않는 범위 ...
                    ", 2021.11.08
345,정치,"해군, 창설 76주년 맞아 '경항모 전투단' CG영상 공개",한겨레 ,"
                        해군이 8일 경항공모함과 이지스구축함, 중형 잠수함 등으로 꾸려진 항모전투단의 작전, 항진 장면을 담은 컴퓨터그래픽(CG) 영상을 공개했다. 국방부는 2033년까지 3만...
                    ", 2021.11.08
346,정치,"문 대통령 ""요소수 수급 안정 위해 모든 방법 동원하라""",한겨레 ,"
                        [요소수 대란] 문재인 대통령이 8일 요소수 수급 안정을 위해 가용한 모든 방법을 동원해 국내외적으로 발빠르게 대응할 것을 지시했다. 문 대통령은 이날 오전 청와대 ...
                    ", 2021.11.08
347,정치,"이준석 ""김종인의 전면 재구성-윤석열의 캠프 확장, 충돌 안 해""",한겨레 ,"
                        이준석 국민의힘 대표가 김종인 전 비상대책위원장의 ‘선거대책위 전면 재구성’ 요구와 윤석열 후보의 ‘캠프 확장’ 구상이 충돌하지 않는다고 말했다. 김 전 위원장...
                    ", 2021.11.08
348,정치,[KSOI] 윤석열 43% - 이재명 31.2%..윤 '컨벤션 효과',한겨레 ,"
                        윤석열 국민의힘 대선 후보가 이재명 민주당 대선 후보를 차기 대선 경쟁에서 크게 앞서는 결과가 나왔다. 지난 5일 대선 후보 확정에 따른 컨벤션 효과로 풀이된다. 한...
                    ", 2021.11.08
349,정치,"이재명 ""상상 안 되는 대규모 주택 공급 정책 준비 중""",한겨레 ,"
                        이재명 더불어민주당 후보가 8일 ‘대규모 주택 공급 정책을 준비 중’이라고 밝혔다. 이 후보는 이날 오전 국회에서 열린 민주당 중앙선거대책위원회 회의에서 “우리 ...
                    ", 2021.11.08
350,정치,"이재명, 윤석열에 1대1 정책토론 제안..""국민에게 보여줄 장""",한겨레 ,"
                        더불어민주당 이재명 대선 후보가 국민의힘 윤석열 대선 후보에게 8일 1대1 정책토론을 제안했다. 이 후보는 이날 국회에서 열린 제2차 중앙선거대책위원회 회의에서 “...
                    ", 2021.11.08
351,정치,윤석열 선대위 첫 인사..비서실장에 '4선 최측근' 권성동,한겨레 ,"
                        윤석열 국민의힘 대선후보가 8일 후보 비서실장으로 4선의 권성동 의원을 선임했다. 윤 후보는 이날 국회에서 열린 최고위원회의 뒤 기자들과 만나 “선대위 조직을 어...
                    ", 2021.11.08
352,정치,'재석 대전' 불 붙었다..재난지원금·부동산·대북정책 입장차 극명,한겨레 ,"
                        대선 길목에서 맞붙은 이재명 더불어민주당 후보와 윤석열 국민의힘 후보는 살아온 궤적만큼이나 정책 시각도 확연히 다르다. 전국민 재난지원금부터 부동산 문제 해법...
                    ", 2021.11.08
353,정치,"윤석열 ""집권 뒤 이명박·박근혜 사면 추진..국민통합에 필요""",한겨레 ,"
                        윤석열 국민의힘 대선 후보가 집권하면 이명박·박근혜 전 대통령 사면을 추진하겠다고 밝혔다. 또 집권 초기 ‘긴급 구조 프로그램’을 마련해 자영업자·소상공인 지...
                    ", 2021.11.07
354,정치,"대진표 확정된 이재명-윤석열, 고개 젓는 '2030 청년'에 구애",한겨레 ,"
                        여야 거대 정당의 대선 후보가 확정된 뒤 맞은 첫 주말. 이재명 더불어민주당 후보와 윤석열 국민의힘 후보가 빠뜨리지 않고 챙긴 것은 ‘2030 청년’ 주거 문제와 일자...
                    ", 2021.11.07
355,정치,"""뼈에는 색깔 없다는 '김철호 정신' 지리산 자연에 녹여내야죠""",한겨레 ,"
                        “이념 문제로 여전히 갈등하는 사람들, 미래의 평화를 고민하는 사람들이 찾아와서 편하게 손잡을 수 있는 곳이 되면 좋겠습니다.” ‘평화의 소녀상’을 만든 김운성(...
                    ", 2021.11.07
356,정치,"대장정 돌입한 대선 ""양극화 해소 시급..정책·비전으로 승부하라""",한겨레 ,"
                        [2022 대선] 이재명(더불어민주당)·윤석열(국민의힘)·심상정(정의당)·안철수(국민의당) 등 여야 대선 후보들이 확정되면서 내년 3월9일 대통령 선거를 향한 대장정이...
                    ", 2021.11.07
357,정치,김종인 '파리떼' 우려에 윤석열 '큰 캠프론'..선대위 구상 충돌,한겨레 ,"
                        김종인 전 국민의힘 비상대책위원장 원톱 체제로 국민의힘 윤석열 대선후보 선거대책위원회가 꾸려질 것으로 보인다. 윤 전 총장 측근 위주의 매머드급 경선 선대위를 ...
                    ", 2021.11.07
358,정치,"'무릎 사과' 서진학교 찾은 이재명 ""비장애인과 통합교육 바람직""",한겨레 ,"
                        [2022 대선] 이재명 더불어민주당 대선 후보가 7일 “가장 이상적인 형태는 비장애인과 함께 통합교육 공간에서 일상적으로 살아가는 것”이라며 차별 없는 교육을 강조...
                    ", 2021.11.07
359,정치,"이재명, 요소수 부족 사태에 '대중 특사단' 제안",한겨레 ,"
                        이재명 더불어민주당 대선 후보가 7일 중국의 수출 제한으로 공급 대란을 겪고 있는 요소수 문제 해결을 위해 중국에 특사단 파견을 제안했다. 송영길 민주당 대표는 이...
                    ", 2021.11.07
360,정치,"이재명, 윤석열 '재난지원금' 반대에 ""백성 굶는데 곳간에 쌀 잔뜩""",한겨레 ,"
                        이재명 더불어민주당 대선 후보가 전국민 재난지원금 지급을 반대하고 있는 윤석열 국민의힘 대선 후보를 향해 “손실보상금과 재난지원금 지급의 차이를 잘 모르시는 ...
                    ", 2021.11.07
361,정치,국힘 경선 졌지만 보수의 희망 보여준 홍준표의 힘,한겨레 ,"
                        국민의힘 경선 결과가 발표된 지난 11월 5일 저녁 민주당 전직 의원은 “우리로서는 다행스러운 결과”라고 촌평했다. 왜 그런지 이유를 물었다. 이런 대답이 돌아왔다....
                    ", 2021.11.07
362,정치,"북, 포사격 경기 진행..'군 서열 1위' 박정천 상무위원이 지도",한겨레 ,"
                        북한군이 포병부대의 포사격 경기를 진행했다고 <노동신문>이 보도했다. ‘군 서열 1위’인 박정천 노동당 정치국 상무위원이 경기를 지도했고, 김정은 국무위원장은 참...
                    ", 2021.11.07
363,정치,"""노인의힘"" 2030 탈당 러시..홍준표 ""비리의혹 대선 참여 생각 없어""",한겨레 ,"
                        국민의힘 대선 경선에서 윤석열 후보가 정통 보수 당심을 앞세워 선출되자, 20·30대 당원들의 탈당 움직임이 감지되고 있다. 7일 국민의힘 누리집과 국민의힘 청년 지...
                    ", 2021.11.07
364,정치,"""이명박-박근혜 이후 가장 치열""..국민의힘 경선 '결정적 장면'",한겨레 ,"
                        “이명박 대 박근혜 후보가 맞붙던 2007년 경선 같았다.” 어느 때보다 치열했던 국민의힘 대선 경선이 지난 5일 윤석열 후보 선출로 막을 내렸다. 당 안팎에선 마지막...
                    ", 2021.11.07
365,정치,좌진석·우성동에 친이·친박까지 300명..'윤석열의 사람들' 누구?,한겨레 ,"
                        국민의힘 대선 주자로 확정된 윤석열 후보는 정치 입문 4개월차의 ‘정치 신인’이지만 그의 주변에는 다수의 중진급 정치인들이 포진돼 있다. 이번 경선에서 ‘매머드...
                    ", 2021.11.07
366,정치,"[공덕포차] ""불안한 후보, 윤석열"" 그리고 안철수 변수",한겨레 ,"
                        숱한 논란에도 흔들리지 않은 대세론 ! 결국 윤석열 후보가 국민의힘 최종 후보가 됐습니다 ~ 하지만 때마다 실언으로 논란을 만들었던 윤 후보 , ‘ 불안한 ’ 윤 후보...
                    ", 2021.11.06
367,정치,"이재명 ""무소불위 검찰 정상화하는 게 중요한 과제""",한겨레 ,"
", 2021.11.06
368,정치,"이재명 ""사회공유주택, 청년에 우선 배정""",한겨레 ,"
                        더불어민주당 이재명 대선후보는 6일 “일반적으로 상상할 수 없는 대규모 공공주택 공급을 계획하고 있다”며 “억강부약 정신에 따라 우리 사회의 가장 취약한 계층인...
                    ", 2021.11.06
369,정치,윤석열·이준석 오찬장소가 '사심가득'인 이유는?,한겨레 ,"
                        국민의힘 이준석 대표가 6일 만나 윤석열 대선후보와 넉달 남은 대선을 어찌 치를지 논의하려 고른 장소는 ‘사심가득’이라는 이름의 한옥카페다. 이준석 대표는 이날 ...
                    ", 2021.11.06
370,정치,"윤석열 '대통령 만나냐' 질문에 ""깊이 생각해보지 않아서..""",한겨레 ,"
                        국민의힘 윤석열 대선 후보는 6일 ‘문재인 대통령을 만날 생각이 있냐’는 취재진의 질문에 “그 문제는 아직까지 깊이 생각해보지 않아서 뭐…”라며 직답을 피했다. ...
                    ", 2021.11.06
371,정치,"이재명 ""보수언론 개발이익 환수 문제제기는 청개구리 심보""",한겨레 ,"
                        [2022 대선]
                    ", 2021.11.06
372,정치,"윤석열, 첫 공개일정은 가락시장 방문 ""민생현장 본다는 차원""",한겨레 ,"
                        국민의힘 윤석열 대선 후보는 6일 아침 7시부터 40분 남짓 서울 송파구 가락시장을 방문했다. 후보 선출 뒤 첫 공개 일정이다. 윤석열 후보는 ""현충원은 월요일(8일)에 ...
                    ", 2021.11.06
373,정치,응징론의 정면충돌 '빌런'들을 불러내다,한겨레 ,"
                        대한민국 20대 대통령을 뽑는 대통령선거를 2022년 3월9일에 한다. 1987년 대통령 직선제 개헌 이후 여덟번째다. 후보자 등록 신청은 2022년 2월13일과 14일, 선거기간 ...
                    ", 2021.11.06
374,정치,"[논썰] '당심-민심 괴리' 봉착한 윤석열, '고·윤·주'가 기다린다",한겨레 ,"
                        안녕하세요. <논썰>의 손원제입니다. 윤석열 전 검찰총장이 5일 국민의힘 대통령 후보로 선출됐습니다. 당원투표, 이른바 ‘당심’의 압도적 지지에 힘입어, ‘민심’ ...
                    ", 2021.11.06
375,정치,"박주민 ""내가 '대장동 변호사'? 〈조선일보〉 제목 장사에 경악""",한겨레 ,"
                        박주민 더불어민주당 의원은 5일 자신을 ‘대장동 변호사’로 표현한 <조선일보> 보도에 반발하며 법적 조처를 예고했다. 박 의원은 이날 입장문을 내어 “조선일보의 ...
                    ", 2021.11.05
376,정치,'정치 5개월차' 대선후보..수권능력 입증·중도확장 과제,한겨레 ,"
                        정치 도전을 선언한 지 130일째, 27년차 전직 검사는 제1야당 대선 후보가 됐다. 기존 정치권에 대한 환멸은 ‘정치 신인’ 윤석열을 정치 무대로 끌어올렸고, 정권 교...
                    ", 2021.11.05
377,정치,"대구 찾은 이재명 ""좋은 정책이면 DJ·박정희 따지지 말아야""",한겨레 ,"
                        이재명 더불어민주당 대선 후보가 5일 대구를 찾아 “효율적인 정책이면 좌와 우, ‘김대중 정책’ ‘박정희 정책’을 따지지 말아야 한다”고 말했다. 윤석열 전 검찰...
                    ", 2021.11.05
378,정치,"윤석열, 6일 이준석과 오찬..10일 광주·11일 봉하마을 방문",한겨레 ,"
                        윤석열 국민의힘 대선 후보는 최종 후보 결정 뒤 첫 일정으로 6일 아침 서울 송파구 가락시장을 찾은 뒤 이준석 당 대표와 점심을 먹는다. ‘전두환 옹호’ 발언으로 등...
                    ", 2021.11.05
379,정치,"""진짜 검사 윤석열"" ""무야홍 정권교체"".. 후끈했던 경선 장외대결",한겨레 ,"
                        [2022 대선] “국민의힘 제20대 대통령 후보자로 최고 득표를 기록한 윤석열 후보가 선출되었음을 선포합니다."" 5일 국민의힘 전당대회가 열린 서울 용산구 백범김구기...
                    ", 2021.11.05
380,정치,"윤석열 ""광주 1박2일 방문 일정 곧 발표..김종인 도와줄 것""",한겨레 ,"
                        5일 국민의힘 대선 경선에서 승리한 윤석열 후보가 조만간 1박2일 일정으로 광주를 방문하겠다고 밝혔다. 김종인 전 비상대책위원장의 도움을 기대했고 경선 경쟁자들도...
                    ", 2021.11.05
381,정치,"'반문 대표'로 나선 윤석열 ""정권교체가 저의 존재 이유""",한겨레 ,"
                        윤석열 전 검찰총장이 5일 국민의힘 대통령 후보로 선출됐다. 보수세력의 ‘대안 부재’ 속에서 정권교체를 갈망하는 압도적인 당심을 업고, 정치신인이 대선 도전 선언...
                    ", 2021.11.05
382,정치,"[예언해줌] 윤석열 승! 홍준표 20대 표, 안철수 흡수 가능?",한겨레 ,"
                        [2022 대선] 이번 주 완타치 3K쇼 뉴스 ‘예언해줌 라이브’ 요약본은 국민의당 안철수 대표의 대선 출마가 여·야 양강 구도, 제3 지대 세력화에 끼칠 영향을 분석해봤...
                    ", 2021.11.05
383,정치,"민주당 ""국기문란 장본인 윤석열 축하 어려워..의혹부터 털어라""",한겨레 ,"
", 2021.11.05
384,정치,"한계 보인 3위 유승민, 입지 다진 4위 원희룡",한겨레 ,"
                        [2022 대선] 국민의힘 대선 경선에서 선거인단 득표와 여론조사 합산 7.47%를 받은 유승민 전 의원은 두번째 대선 도전을 당내 경선 3위로 마무리했다. ‘배신자 프레임...
                    ", 2021.11.05
385,정치,"문 대통령 ""높아진 국격만큼 국민 삶의 질 높이겠다""",한겨레 ,"
                        문재인 대통령이 5일 7박9일간의 유럽 3개국 순방 일정을 마치고 서울공항을 통해 귀국했다. 문 대통령은 마지막 방문지인 헝가리 부다페스트를 떠나면서 남긴 페이스북...
                    ", 2021.11.05
386,정치,"홍준표 ""깨끗하게 승복, 내 역할은 여기까지""",한겨레 ,"
                        ‘무야홍(무조건 야당 후보는 홍준표) 바람’으로 반전 드라마를 꿈꿨던 홍준표 의원은 5일 당심의 벽을 넘지 못하고 국민의힘 대선 경선에서 탈락했다. “정치 여정의 ...
                    ", 2021.11.05
387,정치,"홍준표 ""경선 결과 승복..국민 관심 끄는게 내 역할""",한겨레 ,"
                        국민의힘 대선후보 경선에 출마했던 홍준표 의원은 5일 “경선 결과에 깨끗하게 승복한다”고 밝혔다. 홍 의원은 서울 용산구 백범김구기념관에서 열린 전당대회에서 본...
                    ", 2021.11.05
388,정치,"[전문] 윤석열 수락 연설 ""공정·상식 회복 바라는 민심..반드시 정권교체""",한겨레 ,"
                        5일 국민의힘 대통령 선거 후보로 선출된 윤석열 전 검찰총장이 “우리 사회의 공정과 상식의 회복을 바라는 민심은 정치신인인 저를 국민의힘 대통령 후보로 선택했다...
                    ", 2021.11.05
389,정치,국민의힘 대선 후보에 윤석열..47.85%,한겨레 ,"
                        윤석열 전 검찰총장이 5일 국민의힘 대통령 후보로 선출됐다. 윤 전 총장은 이날 서울 용산구 백범김구기념관에서 열린 전당대회에서 47.85%를 득표해, 홍준표 의원(41....
                    ", 2021.11.05
390,정치,'우리 윤 총장'에서 '국민의힘 대선후보'로..윤석열은 누구?,한겨레 ,"
                        윤석열 국민의힘 대선 후보의 직전 호칭은 ‘전 검찰총장’이었다. 문재인 정부의 검찰총장에서 정권을 교체하겠다는 제1야당의 후보가 된 것이다. 박근혜 정부 시절 ‘...
                    ", 2021.11.05
391,정치,"이재명, 재난지원금·손실보상 증액 거듭 요구..""물러서지 않겠다""",한겨레 ,"
                        이재명 더불어민주당 대선 후보가 5일 “소상공인 손실보상 하한액을 높여야 하고, 실제 피해가 있었지만 행정명령을 받지 않아 선별 지원에서 제외된 분들에 대한 보상...
                    ", 2021.11.05
392,정치,'발등의 불' 요소수..청와대 '수급안정 대응TF' 가동,한겨레 ,"
                        청와대가 중국의 수출 제한으로 공급 대란을 겪고 있는 요소수 수급 안정을 위한 티에프(TF)팀을 꾸려 대응책 마련에 착수했다. 유영민 대통령 비서실장은 5일 청와대 ...
                    ", 2021.11.05
393,정치,[갤럽] '차기 대통령 감' 이재명 26%·윤석열 24%·홍준표 15%,한겨레 ,"
                        [2022 대선] 차기 정치 지도자 선호도 조사에서 이재명 더불어민주당 대선 후보와 윤석열 전 검찰총장이 접전을 벌이는 여론조사 결과가 나왔다. 한국갤럽이 지난 2~4일...
                    ", 2021.11.05
394,정치,"""백의종군"" 썼다 지운 홍준표..""패배 땐 경선 흥행 역할에 만족""",한겨레 ,"
                        [2022 대선] 국민의힘 대선주자인 홍준표 의원은 당 대선 후보가 선출되는 5일 “어떤 결론이 나오더라도 그 결과를 수용한다”고 글을 올렸다. 당초 “백의종군하겠다...
                    ", 2021.11.05
395,정치,"온실가스 감축·한반도 평화 협력 호소..원전 세일즈, 국내 탈원전과 ""모순"" 뒷말",한겨레 ,"
                        문재인 대통령이 4일(현지 시각) 헝가리·슬로바키아·체코·폴란드 등 옛 동구권 국가 모임인 비세그라드 그룹(V4) 정상들과 회담을 마치고 귀국길에 올랐다. 문 대통...
                    ", 2021.11.05
396,정치,문 대통령-비세그라드 그룹 정상회의..교통·에너지 분야 등 협력 다짐,한겨레 ,"
                        헝가리를 국빈방문 중인 문재인 대통령이 4일(현지시간) 헝가리·체코·폴란드·슬로바키아 등 옛 동구권 나라들의 모임인 비세그라드 그룹(V4)과 정상회의를 하고 경제...
                    ", 2021.11.05
397,정치,"이재명 ""배임 수사한다며 시시콜콜 내용 흘려 흠집내기"" 검찰 직격",한겨레 ,"
                        이재명 더불어민주당 대선 후보가 4일 검찰의 ‘대장동 개발 특혜 의혹’ 수사에 대해 “시시콜콜 수사내용을 흘려 흠집 내는 것이 이해가 안 된다”고 검찰을 정면 비...
                    ", 2021.11.04
398,정치,"당·정, 온라인 플랫폼 공정화법 '이번주 정기국회 처리'에 합의",한겨레 ,"
                        더불어민주당과 정부가 온라인 플랫폼 규제 관련법 2개를 이번 정기국회에서 처리하기로 4일 합의했다. 박완주 민주당 정책위의장은 이날 당·정이 국회에서 한 비공개 ...
                    ", 2021.11.04
399,정치,"정진상, 유동규 압수수색 직전 통화..이재명 ""나중에 들었다""",한겨레 ,"
", 2021.11.04
400,정치,"[공덕포차] 무대홍 vs 어대윤, 사생결단 승부의 결말은?",한겨레 ,"
                        [시사맛집 공덕포차 시즌3] 개 식용 논란! 지지자 서민 교수의 ‘호남 비하’ 논란! 막판까지 논란이 일어난 윤석열! 독고다이! 보수 궤멸의 책임자! 공격을 받는 홍준...
                    ", 2021.11.04
401,정치,"여당, 민관개발 민간이윤 제한 '대장동 방지법' 연내입법 추진",한겨레 ,"
                        더불어민주당이 4일 민간 개발이익을 환수하는 내용의 법안을 정기국회 최우선 입법 과제로 삼아 중점 추진하기로 했다. 다만, 이재명 대선 후보의 전국민 재난지원금 ...
                    ", 2021.11.04
402,정치,공급망 재편·물류 대란 현안 집중 외교부 TF 출범,한겨레 ,"
                        조 바이든 미 행정부가 대중국 견제의 일환으로 동맹 및 우방국 중심으로 ‘글로벌 공급망 재편’을 꾀하는 가운데 외교부가 공급망 재편, 물류 대란 등 경제 안보 현안...
                    ", 2021.11.04
403,정치,"당원 투표율 64% 흥행..마지막 적합도 여론조사, 윤-홍 동률",한겨레 ,"
                        올해 8월30일 예비후보 등록을 시작으로 출발한 ‘국민의힘 경선 버스’가 종착지에 가까워지고 있다. 대선 후보 선출을 하루 앞둔 4일 당원투표율은 60%를 돌파했고 4...
                    ", 2021.11.04
404,정치,"이재명 ""주식 장기보유에 세제혜택..청년 자산형성 기회 부여 필요""",한겨레 ,"
                        [2022 대선] 이재명 더불어민주당 대선 후보가 “2023년 주식 양도소득세가 도입되는데 장기 보유를 권장하는 차원에서 혜택을 부여하면 좋겠다”라고 강조했다. 이 후...
                    ", 2021.11.04
405,정치,홍준표-윤석열 쪽 '불법 선거운동 의혹' 신경전..경선 후유증 예고,한겨레 ,"
                        국민의힘 대선 후보 선출이 임박하면서 경선판이 혼탁해지고 있다. 막판에 불거진 불법 선거운동 의혹이 고소 사건으로 비화하는 등 당내에서는 경선 후유증을 우려하는...
                    ", 2021.11.04
406,정치,"국방부, 병사 '일과 시간'에도 휴대전화 사용 시범운영",한겨레 ,"
                        일선 군부대에서 병사와 훈련병을 대상으로 일과 중 휴대전화 사용이 허용돼 시범실시 중이다. 국방부는 다양하게 사용 시간대를 설정한 시범운용을 마치고 결과를 분석...
                    ", 2021.11.04
407,정치,"헝가리, '동해 표기' 1730년 고지도 공개..김정숙 여사 ""경의 표한다""",한겨레 ,"
                        헝가리를 국빈방문 중인 문재인 대통령의 부인 김정숙 여사가 3일(현지시각) 헝가리 국가기록원을 방문해, 한반도 동쪽 바다를 ‘소동해(小東海·MARE ORIENTALE MINVS)...
                    ", 2021.11.04
408,정치,"청와대 ""김정은 종전선언 관심 첫 표명, 의미 적지 않다""",한겨레 ,"
                        김정은 북한 국무위원장이 최근 ‘종전선언’을 언급한 것을 두고 청와대 고위관계자가 “북한 리더십 차원에서 종전선언에 대한 관심을 대외적으로 표명한 것은 의미가...
                    ", 2021.11.04
409,정치,"[전국지표조사] 윤석열, 홍준표 따라잡았다..각 27% 동률",한겨레 ,"
                        국민의힘 대선 후보 선출을 하루 앞둔 4일 후보 적합도에서 홍준표 의원과 윤석열 전 검찰총장이 동률을 이룬 여론조사 결과가 나왔다. 엠브레인퍼블릭·케이스탯리서치...
                    ", 2021.11.04
410,정치,"""북·중, 철도 이용 물자운송 재개 준비 마무리 단계""",한겨레 ,"
", 2021.11.04
411,정치,"국힘 서초갑 보선 신경전 가열..정미경, 최고위 회의서 경쟁자 저격",한겨레 ,"
                        윤희숙 전 의원의 사퇴로 공석이 된 국민의힘 서울 서초갑 보궐선거 공천을 놓고 당내 신경전이 가열되고 있다. 급기야 서초갑 조직위원장 공모를 신청한 정미경 최고위...
                    ", 2021.11.04
412,정치,"민주당 '차별금지법 토론' 제안..국민의힘 ""당론으로 반대""",한겨레 ,"
                        [차별금지법은 함께살기법] 더불어민주당이 국민의힘에 차별금지법 입법을 위한 ‘공동 토론회’를 제안했지만 국민의힘은 “차별금지법 반대가 당론”이라며 이를 거부...
                    ", 2021.11.04
413,정치,"""민주당서 공약 아이디어 요청받아""..선관위, 여가부 조사 착수",한겨레 ,"
                        여성가족부가 여당의 대선 공약 개발을 논의했다는 의혹과 관련해 국민의힘이 ‘민주당으로부터 공약 아이디어를 요청받았다’는 내용의 정영애 여가부 장관의 녹취를 3...
                    ", 2021.11.03
414,정치,"[예언해줌] 국힘 역대급 투표율, 윤석열 VS 홍준표 누구에게 유리?",한겨레 ,"
                        [it슈 예언해줌] 국민의힘 대선 후보를 결정하는 운명의 한 주가 밝은 가운데 국민의힘 당원 투표율이 사흘 만에 60%를 넘어 역대 최고치 투표율을 경신했습니다. 이번 ...
                    ", 2021.11.03
415,정치,"이재명 ""오피스 누나? 제목 확 끄는데요""..야당 ""저급한 성 감수성""",한겨레 ,"
                        이재명 더불어민주당 대선 후보가 3일 ‘오피스 누나 이야기’라는 웹툰에 “제목이 확 끄는데요”라고 반응했다. 야당에서는 “저급한 성 감수성을 드러냈다”는 비판...
                    ", 2021.11.03
416,정치,"문 대통령의 '기후위기' 중재자론..""당장 행동해야""",한겨레 ,"
                        문재인 대통령이 주요20개국(G20) 정상회의와 제26차 유엔 기후변화협약 당사국총회(COP26) 특별정상회의 등으로 이어진 유럽 ‘기후위기’ 외교를 마무리했다. 문 대통...
                    ", 2021.11.03
417,정치,"한-헝가리 정상회담 ""탄소중립 위해선 원전 없이 불가""",한겨레 ,"
                        헝가리를 국빈 방문하고 있는 문재인 대통령과 3일(현지시각) 아데르 야노쉬 헝가리 대통령과 정상회담을 하고 양국관계를 ‘전략적 동반자 관계’로 격상하기로 했다. ...
                    ", 2021.11.03
418,정치,"이재명, 선대위 첫 회의서 ""부동산 불로소득 환수 강화 입법""",한겨레 ,"
                        이재명 더불어민주당 대선 후보가 처음으로 주재한 민주당 중앙선거대책위원회 회의에서 부동산 개혁 법안 추진을 거듭 당부했다. 집권 여당 후보로서 집값 상승과 대장...
                    ", 2021.11.03
419,정치,"""지금은 이재명 정부 아니잖아""..재난지원금, 여당서도 곤혹",한겨레 ,"
                        이재명 더불어민주당 대선 후보가 의욕을 보이는 ‘전국민 재난지원금’ 추가 지급에 김부겸 총리가 3일 “재정 여력이 없다”며 사실상 반대 의사를 표시했다. 여당 대...
                    ", 2021.11.03
420,정치,"송영길 ""특검 대상은 윤석열"" vs 이준석 ""대장동은 이재명 책임""",한겨레 ,"
                        3일 <에스비에스>(SBS) 주최로 열린 송영길 더불어민주당 대표와 이준석 국민의힘 대표의 ‘맞수 토론’은 대선주자 대리전 양상으로 진행됐다. 이 대표가 전국민 재난...
                    ", 2021.11.03
421,정치,"이재명 ""윤석열 사과 진정성 가지려면 '5·18 망언 3인방' 조치해야""",한겨레 ,"
                        이재명 더불어민주당 대선 후보가 ‘전두환 옹호’ 발언을 사과한 윤석열 전 검찰총장이 진정성을 인정받으려면 김진태 전 의원 등 ‘5·18 망언 3인방’에 대한 책임 ...
                    ", 2021.11.03
422,정치,"주호영 ""윤석열, 최소 10%p차 압승..김종인 도움 받겠다""",한겨레 ,"
                        윤석열 캠프 상임선대위원장을 맡은 주호영 국민의힘 의원은 “최소로 잡아도 10%포인트 이상 윤 전 총장이 압승할 것”이라며 승리를 자신했다. 그는 3일 <한겨레>와의...
                    ", 2021.11.03
423,정치,"조경태 ""'무야홍' 자연스러운 현상..불확실성 적은 홍준표 이길 것""",한겨레 ,"
                        “무야홍(무조건 야권 후보는 홍준표) 바람은 의도하지 않은 자연스러운 현상이었다. 본선에선 더 강력한 바람이 불 것이다.” 국민의힘 대선 후보 결정을 이틀 앞둔 3...
                    ", 2021.11.03
424,정치,"심상정, 이재명 비판..""지금은 재난지원금 아닌 손실보상 시간""",한겨레 ,"
                        심상정 정의당 대선 후보가 “지금은 재난지원금의 시간이 아니라 손실 피해보상의 시간”이라며 이재명 더불어민주당 대선 후보의 전국민 재난지원금을 추가 지급 제안...
                    ", 2021.11.03
425,정치,"여야 의원들, 차별금지법 입법 촉구하며 ""대선주자들 입장 밝혀라""",한겨레 ,"
                        [차별금지법은 함께살기법] 21대 국회에서 차별금지법과 평등법을 발의한 여야 의원들이 3일 기자회견을 열어 법안 처리와 함께 차별금지법에 대한 대선주자들의 입장 ...
                    ", 2021.11.03
426,정치,"이준석, 또 안철수에 '견제구'..""단일화 거간꾼, 징계하겠다""",한겨레 ,"
", 2021.11.03
427,정치,"민주당 ""가상자산 과세 유예 54% 찬성..투자자 보호 미흡""",한겨레 ,"
                        더불어민주당이 3일 가상자산 정책 토론회를 열어 과세 유예 방안을 논의했고 김부겸 국무총리도 “국회 결정에 따를 수밖에 없다”는 뜻을 밝혔다. 내년 1월부터 시행 ...
                    ", 2021.11.03
428,정치,"정부부처 여당 대선공약 개발 논란에..김부겸 ""정치적 중립을""",한겨레 ,"
                        김부겸 국무총리가 3일 내년 대선을 앞두고 전 부처 공직자들에게 편지를 보내 정치적 중립과 공직기강을 확립하라고 지시했다. 김 총리는 이날 공개한 편지에서 “공직...
                    ", 2021.11.03
429,정치,"'이낙연 캠프' 설훈, 이재명 앞에서 ""후보들 다 고만고만한 약점""",한겨레 ,"
                        더불어민주당 대선 선거대책위원회 공동선대위원장인 설훈 의원이 3일 이재명 후보 앞에서 ‘여야 대선 후보들이 다 고만고만한 약점과 장점이 있다’고 말했다. 설 의...
                    ", 2021.11.03
430,정치,"문 대통령, 헝가리유람선 추모공간 찾아..""잊지 않겠다""",한겨레 ,"
                        유럽을 순방중인 문재인 대통령이 헝가리 국빈방문을 위해 2일(현지시각) 부다페스트에 도착한 뒤 바로 2019년 다뉴브강 유람선사고 추모공간을 찾아 희생자들을 추모했...
                    ", 2021.11.03
431,정치,"안철수, 이준석에 ""평론가 버릇 못 버려..신경쓰지 않는다""",한겨레 ,"
                        안철수 국민의당 대표가 자신의 대선 행보를 깎아내리고 있는 이준석 국민의힘 대표에 대해 “신경쓰지 않는다”는 반응을 보였다. 안 대표는 3일 <와이티엔(YTN)> 라디...
                    ", 2021.11.03
432,정치,"이상민, 이재명 지지 김어준에 ""도움 안 돼, 자중해줬으면""",한겨레 ,"
                        이상민 더불어민주당 의원이 이재명 대선 후보 지지 발언을 한 방송인 김어준씨에게 “가능하면 자중해주셨으면 좋겠다”고 말했다. 민주당 선대위 공동선대위원장인 이...
                    ", 2021.11.03
433,정치,"김부겸 ""전국민 재난지원금, 당장 여력 없다..손실보상이 시급""",한겨레 ,"
                        김부겸 국무총리는 3일 더불어민주당 이재명 대선 후보가 요구한 ‘전국민 추가 재난지원금’에 대해 “당장 재정은 여력이 없다”며 정부로서는 소상공인 손실보상이 ...
                    ", 2021.11.03
434,정치,선관위 '대선공약 발굴' 지시한 산업부 1차관 수사 의뢰,한겨레 ,"
                        중앙선거관리위원회가 직원들에게 대선 공약 발굴을 지시한 박진규 산업통상자원부 1차관을 수사해달라고 검찰에 의뢰했다. 중앙선관위는 지난 8월 박 차관이 산업부 회...
                    ", 2021.11.03
435,정치,"문 대통령-기시다 일 총리, 영국서 조우 '불발'",한겨레 ,"
                        문재인 대통령이 제26차 유엔기후변화협약 당사국총회(COP26)를 뒤늦게 찾은 기시다 후미오 일본 총리와는 조우 없이 2박3일간의 영국 방문 일정을 마쳤다. 한국과 일본...
                    ", 2021.11.03
436,정치,"문 대통령 ""기후위기는 지금 당장 행동해야..대한민국이 앞장""",한겨레 ,"
                        유럽을 순방중인 문재인 대통령이 2일(현지시각) 국빈방문을 위해 헝가리 부다페스트에 도착했다. 문 대통령은 3일 공식환영식에 이어 아데르 대통령 및 오르반 총리와 ...
                    ", 2021.11.03
437,정치,"문 대통령, 미국·EU와 '국제메탄서약' 출범",한겨레 ,"
                        유엔 기후변화협약 당사국총회(COP26)에 참석하기 위해 영국을 방문중인 문재인 대통령이 “개발도상국들이 메탄 감축에 참여할 수 있도록 정책과 경험, 기술을 공유하...
                    ", 2021.11.02
438,정치,"이재명 ""임대아파트 손해라 안 지어"" 성남시장 때 육성 나왔다",한겨레 ,"
                        더불어민주당 이재명 대선 후보가 성남시장이던 2013년 1월 주민간담회에서 ‘성남도시개발공사가 만들어지면 임대아파트는 적자가 나서 안 지을 것’이라는 취지의 말...
                    ", 2021.11.02
439,정치,"[단독] 총리실, 대선 후보들에 전달할 '행정백서' 제작",한겨레 ,"
                        국무총리실이 내년 3월 대선을 앞두고 문재인 정부의 국정과제 추진 현황을 종합 정리한 백서를 여야 주요 대선 후보들에게 전달할 계획이다. 여야 가리지 않고 공약 준...
                    ", 2021.11.02
440,정치,"14년 외면당한 차별금지법, 이번엔 급물살 탈까",한겨레 ,"
                        더불어민주당이 이번 정기국회에서 제자리걸음을 하고 있는 포괄적 차별금지법 제정 논의를 본격화하기로 했다. 2007년 첫 발의 이후 14년 동안 발의와 폐기가 반복돼온...
                    ", 2021.11.02
441,정치,'박심' 경쟁에 성별 갈라치기까지..국민의힘 '퇴행적 경선',한겨레 ,"
                        국민의힘 대선 경선이 막바지에 이르면서, 각 후보 캠프의 ‘퇴행적’ 행태가 비판을 받고 있다. 경쟁적으로 박근혜 전 대통령을 경선판에 끌어들여 이른바 ‘박심 논란...
                    ", 2021.11.02
442,정치,"'코인 민심' 의식한 민주당 ""가상자산 과세 1년 유예 추진""",한겨레 ,"
                        더불어민주당이 내년 1월부터 시행 예정인 가상자산 과세 시점을 1년 연기하는 방안을 추진하고 있다. 당정 협의를 통해 가상자산 내년 과세 방침을 확정했으나, 이를 ...
                    ", 2021.11.02
443,정치,"문 대통령, 글래스고 '짬짬이' 외교..""김치 좋아하면 한국 다 아는 것""",한겨레 ,"
                        유엔 기후변화협약 당사국총회(COP26) 참석을 위해 영국을 방문 중인 문재인 대통령이 카타르·루마니아 정상 등과 만나 에너지, 기후위기, 코로나19 대응 등에 대한 의...
                    ", 2021.11.02
444,정치,"이재명 ""한국 증시 MSCI 선진국 지수 편입 추진""",한겨레 ,"
                        이재명 더불어민주당 대선 후보가 2일 한국 증시의 모건스탠캐피털인터내셔널(MSCI) 선진국 지수 편입을 추진하겠다고 밝혔다. 이 후보는 이날 페이스북 글을 통해 “해...
                    ", 2021.11.02
445,정치,"민주당, 이재명 '추가 재난지원금' 제안에 ""이제부터 검토""",한겨레 ,"
                        더불어민주당이 전국민 재난지원금을 추가로 지급하자는 이재명 대선후보의 제안을 공식적으로 검토하기로 했다. 박완주 민주당 정책위의장은 2일 국회에서 연 기자간담...
                    ", 2021.11.02
446,정치,"'이재명 정부' 7번 외치며 ""부동산 불로소득 없애겠다""",한겨레 ,"
                        “이재명 정부는 김대중·노무현·문재인 정부가 쌓아온 토대 위에 잘못은 고치고, 부족한 건 채우고, 필요한 것은 더해 청출어람하겠습니다.” 이재명 더불어민주당 대...
                    ", 2021.11.02
447,정치,"감사원장 후보자 ""대장동 의혹, 사전에 못 밝혀 아쉬워""",한겨레 ,"
                        최재해 감사원장 후보자가 대장동 특혜 개발 의혹을 “사전에 감사원이 지적하고 밝혔으면 하는 아쉬움이 남는다”고 말했다. 최 후보자는 2일 국회에서 열린 인사청문...
                    ", 2021.11.02
448,정치,"국힘 당원투표 54.49% 최고치..""정권심판론에 영향 줄 것""",한겨레 ,"
                        국민의힘 대선 후보를 선출하기 위한 당원 투표 투표율이 이틀 만에 역대 최고치를 갱신했다. 이준석 대표 취임 뒤 유입된 신규 당원들의 표심이 향후 본선 투표에서도 ...
                    ", 2021.11.02
449,정치,"입소부터 퇴소까지..과학화된 예비군훈련장, 가상현실로 체험한다",한겨레 ,"
                        국방부는 2021 대한민국 혁신박람회에 과학화 예비군훈련장 구축과 스마트 행정서비스 개선 성과를 전시한다고 2일 밝혔다. 행정안전부 주관으로 3~12일 열리는 대한민...
                    ", 2021.11.02
450,정치,"한-미, 워싱턴서 대북 신뢰구축 조처 등 세부 협의",한겨레 ,"
                        한국과 미국 외교당국이 국장급 협의를 열고 대북 신뢰구축 조처 등 북한과 대화 재개 방안을 협의했다. 2일 외교부와 미 국무부에 따르면 임갑수 외교부 평화외교기획...
                    ", 2021.11.02
451,정치,"안철수 출마에 '앙숙' 이준석 ""무운 빈다"" 김재원 ""함께 가야""",한겨레 ,"
                        안철수 국민의당 대표의 세 번째 대선 도전으로 야권 다자구도가 형성되자 국민의힘 주요 인사들이 엇갈린 메시지를 내놓으며 ‘복잡한 속내’를 내비치고 있다. 안 대...
                    ", 2021.11.02
452,정치,"[예언해줌] 어대윤 vs 무야홍, 이재명이 원하는 상대는?",한겨레 ,"
                        [it슈 예언해줌] 이번 주 완터치 3K쇼 뉴스 ‘예언해줌 라이브’는 오는 5일 국민의힘 대선 후보 선출을 앞두고 진검 승부를 펼치고 있는 어대윤(어차피 대선 후보는 윤...
                    ", 2021.11.02
453,정치,"이인영, WHO·적십자 인사 만나 북 보건의료 협력·이산가족 논의",한겨레 ,"
                        이인영 통일부 장관이 1일(현지시각) 스위스 제네바에서 테드로스 아드하놈 게브레예수스 세계보건기구(WHO) 사무총장, 질스 까르보니에 국제적십자위원회(ICRC) 부총재...
                    ", 2021.11.02
454,정치,"이낙연 캠프 의원들 만난 이재명 ""대선 승리 위해 도와달라""",한겨레 ,"
                        더불어민주당 이재명 대선후보가 지난 1일 설훈 의원 등 이낙연 캠프 의원들과 만찬 회동을 한 것으로 2일 전해졌다. 이 후보는 1일 저녁 여의도의 한 중국집에서 설 의...
                    ", 2021.11.02
455,정치,"문 대통령 ""2030 온실가스 40% 이상 감축..매우 도전적 과제""",한겨레 ,"
                        문재인 대통령이 1일(현지시각) “한국은 2030년 국가 온실가스감축목표(NDC)를 상향하여 2018년 대비 40% 이상 온실가스를 감축하겠다”고 말했다. 한국의 온실가스 감...
                    ", 2021.11.02
456,정치,융합형 선대위..공동위원장 무려 12명,한겨레 ,"
                        더불어민주당이 1일 소속 의원 169명 전원이 참여하는 ‘융합형 매머드 선거대책위원회’ 인선안을 발표했다. 민주당은 2일 ‘대한민국 대전환 선대위’ 출정식을 열고 ...
                    ", 2021.11.01
457,정치,[공덕포차] 이재명이 김종인을 영입하면 벌어질 일,한겨레 ,"
                        홍준표 ? 윤석열 ? 누구와 붙어도 상관없다 ? 정치권의 모든 관심이 국민의힘에 쏠려있는 지금 ! 이재명 후보에겐 국힘의 전력을 죽이고 유리한 고지를 점령할 핵심 카...
                    ", 2021.11.01
458,정치,"이재명 ""상대에게 배임 강요 안했다고 배임이냐""",한겨레 ,"
                        이재명 더불어민주당 대선 후보가 유동규 성남도시개발공사 기획본부장이 추진한 대장동 개발에 배임죄 소지가 있다고 판단한 성남도시개개발공사의 자체 조사 발표에 ...
                    ", 2021.11.01
459,정치,"이재명 ""재난지원금 지급은 판단과 결단의 문제""",한겨레 ,"
                        국민 1인당 30만∼50만원 규모의 추가 재난지원금 지급을 주장하고 있는 이재명 더불어민주당 후보가 1일 재난지원금 문제는 “판단·결단의 문제”라고 말했다. 이 후...
                    ", 2021.11.01
460,정치,"이재명 선대위, 송영길 상임+12명 공동 위원장 체제로",한겨레 ,"
                        더불어민주당이 소속 의원 169명 전원이 참여하는 ‘융합형 매머드 선거대책위원회’ 인선안을 1일 발표했다. 민주당은 2일 ‘대한민국 대전환 선대위’ 출정식을 열고 ...
                    ", 2021.11.01
461,정치,"노태우의 죽음, 이 체제의 죽음",한겨레 ,"
                        조형근 ㅣ 사회학자 1987년 12월17일, 제13대 대통령선거일 다음날, 노태우가 당선되자 고향의 어머니에게서 전화가 왔다. 어서 도망치라며 흐느끼셨다. 진심이셔서 당...
                    ", 2021.11.01
462,정치,"윤석열, 광주 방문 5일 경선 뒤로 미뤄.. '실언 리스크' 피하려?",한겨레 ,"
                        ‘전두환 망언’으로 비판을 받은 윤석열 전 검찰총장이 애초 이달 초 예정했던 광주 방문 일정을 국민의힘 본경선 이후로 미루기로 했다. 여권은 물론 광주에서도 ‘정...
                    ", 2021.11.01
463,정치,국민의힘 '당심' 어디로..모바일 투표율 첫날 40% 돌파 '열기',한겨레 ,"
                        국민의힘 대선 후보를 선출하기 위한 당원투표 첫날 투표율 40%를 넘겼다. 후보들은 여론조사와 함께 50%가 반영되는 ‘당심’ 잡기에 전력을 쏟았다. 국민의힘 사무처...
                    ", 2021.11.01
464,정치,"민주, 안철수 출마 선언에 '보수 분열' 환영, '막판 단일화' 경계",한겨레 ,"
                        [2022 대선] 안철수 국민의당 대표의 대선 출마가 대선 구도에 미칠 영향을 놓고 여권 내부의 관측이 엇갈리고 있다. 겉으로는 ‘주요 변수가 되지 않을 것’이라고 낙...
                    ", 2021.11.01
465,정치,로마 성당에 'DMZ 철조망'으로 만든 십자가 온 까닭은,한겨레 ,"
                        남북한 군인들이 총부리를 겨누던 휴전선 비무장지대(DMZ)의 철조망. 가시 돋힌 철조망들이 지난 10월30일 이탈리아 로마에서 십자가로 부활하는 특별한 행사가 있었습...
                    ", 2021.11.01
466,정치,"한미, 1~5일 비공개 연합공중훈련",한겨레 ,"
                        한국과 미국 공군이 1~5일 닷새간 연합공중훈련을 진행하는 것으로 알려졌다. 한미는 1일부터 5일까지 전투준비태세 종합훈련을 하며 한국 공군의 F-15K와 KF-16 전투기...
                    ", 2021.11.01
467,정치,"몸값 뛴 안철수에 국민의힘 주자들 ""단일화"" 요구",한겨레 ,"
                        안철수 국민의당 대표의 대선 출마 선언으로 다자 구도가 형성되자, 경선 투표에 돌입한 국민의힘 대선 후보들은 야권 단일화의 필요성을 적극 강조했다. 홍준표 의원은...
                    ", 2021.11.01
468,정치,"안철수 세번째 대선 도전 ""양당 적폐 교대..판을 갈아야 할 때""",한겨레 ,"
                        안철수 국민의당 대표가 1일 대선 출마를 공식 선언했다. 2012년·2017년에 이어 세번째 대선 도전이다. 안 대표는 ‘과학기술중심국가’를 국가 비전으로 내세웠고 ‘...
                    ", 2021.11.01
469,정치,"[KSOI] 홍준표 38.6%, 윤석열 34%, 유승민 11.4%, 원희룡 3.5%",한겨레 ,"
                        대선 양자·다자 대결에서 여야 유력 후보들이 경합 중인 여론조사 결과가 나왔다. 국민의힘 경선후보 경쟁력 조사에서도 홍준표 의원과 윤석열 전 검찰총장이 오차범위...
                    ", 2021.11.01
470,정치,"G20 정상들 ""내년 중반 전세계 백신 접종률 70% 달성""",한겨레 ,"
                        문재인 대통령이 참석한 가운데 이탈리아 로마에서 열린 주요20개국(G20) 정상회의가 31일(현지시각) 전세계 최저한세율을 15%로 하는 디지털세 도입과 내년 중반 전세...
                    ", 2021.11.01
471,정치,"문 대통령 ""메르켈 총리 '통합의 정치' 모범""",한겨레 ,"
                        주요 20개국(G20) 정상회의 참석을 위해 로마를 방문하고 있는 문재인 대통령이 퇴임을 앞둔 앙겔라 메르켈 총리와 마지막 회담을 했다. 문 대통령은 31일(현지시각) 메...
                    ", 2021.11.01
472,정치,"문 대통령 ""호주 초청 감사"" 모리슨 총리 ""참전용사들 기다리고 있다""",한겨레 ,"
                        주요 20개국(G20) 정상회의 참석을 위해 이탈리아 로마를 방문 중인 문재인 대통령이 스콧 모리슨 호주 총리와 정상회담을 하고 우주과학·방산·에너지 관련 협력을 다...
                    ", 2021.11.01
473,정치,"문 대통령, 바이든 주최 '공급망 회의' 참석..""공정한 무역질서 복원""",한겨레 ,"
                        주요 20개국(G20) 정상회의 참석을 위해 이탈리아 로마를 방문 중인 문재인 대통령이 31일(현지시각) 조 바이든 미국 대통령이 주재한 ‘공급망 회복력 글로벌 정상회의...
                    ", 2021.11.01
474,정치,"한-미 외교장관, 종전선언 관련 '진지한 협의'",한겨레 ,"
                        한국과 미국 외교장관이 “종전선언을 포함한 한반도 평화 프로세스의 조기 재가동 방안에 대해 진지한 협의를 했다”고 외교부가 밝혔다. 정의용 외교부 장관과 토니 ...
                    ", 2021.10.31
475,정치,"홍준표 ""'398' 후보 들어봤냐""..윤석열 ""홍 확장성, '꿔준 표'""",한겨레 ,"
                        당원 투표를 하루 앞둔 31일 열린 국민의힘 대선 후보 마지막 토론회에서 원희룡·유승민·윤석열·홍준표 경선 후보는 저마다 “이재명을 꺾을 적임자는 나”라며 마지...
                    ", 2021.10.31
476,정치,트레비 분수 앞 G20 기념촬영에 문 대통령 안 보인 까닭은..,한겨레 ,"
                        주요 20개국(G20) 정상회의 참석차 이탈리아 로마를 방문하고 있는 문재인 대통령이 각국 정상이 모여 단체사진을 촬영하는 데 불참했다. 31일(현지시각) 오전 로마 트...
                    ", 2021.10.31
477,정치,"이재명, 2030 여심 잡기..여성 생활체육인과 넷볼 경기",한겨레 ,"
                        “무릎에서 소리가 나는 것 같아요. 하하” 31일 오전, 경기 고양시 상암농구장에서 제자리 뛰기 준비운동을 하던 이재명 더불어민주당 대선후보가 멋쩍게 웃었다. 이 ...
                    ", 2021.10.31
478,정치,대선과 함께 치르는 종로 보궐선거..누가 후보로 거론되나,한겨레 ,"
                        내년 3월9일 대선과 함께 치러질 서울 종로 국회의원 보궐선거를 놓고 벌써부터 여야에서 주요 후보군들의 이름이 거론되고 있다. ‘정치1번지’ 종로의 경우 과거부터 ...
                    ", 2021.10.31
479,정치,급증한 당원 표심은 어디로..'윤-홍' 경선 막판 변수는?,한겨레 ,"
                        [2022 대선] 새달 5일 최종 후보 선출을 앞둔 국민의힘 경선이 막판 결과를 예단하기 어려운 안갯속 접전 양상으로 흐르고 있다. 민심 우위를 자신하는 홍준표 의원과 ...
                    ", 2021.10.31
480,정치,"이재명 ""1인당 30∼50만원 추가 재난지원금""..야당 ""금권 선거""",한겨레 ,"
                        이재명 더불어민주당 대선후보는 31일 전국민 재난지원금 지급과 관련해 “추가로 30만~50만원은 (지급)해야 한다”고 밝혔다. 야당에선 ‘매표 행위’라는 비판이 나왔...
                    ", 2021.10.31
481,정치,"유흥식 대주교 ""교황님 방북 여건 만들기 위해 노력하고 있다""",한겨레 ,"
                        교황청 성직자성 장관인 유흥식 라자로 대주교는 “교황청이 여러가지 길을 통해 교황님이 북한에 갈 수 있는 그런 여건을 만들기 위해 노력하고 있는 것은 사실”이라...
                    ", 2021.10.31
482,정치,"'운명의 한 주' 시작하는 경선 주자 4인 ""내가 정권교체 적임자""",한겨레 ,"
                        1일 모바일 당원 투표를 시작으로 국민의힘 대선 후보 선출을 위한 마지막 ‘운명의 한 주’가 시작되면서 국민의힘 안팎에 긴장감이 감돌고 있다. 원희룡 전 제주지사,...
                    ", 2021.10.31
483,정치,"안철수 '대선 3수' 공식화..야권, '단일화' 두고 셈법 복잡해져",한겨레 ,"
                        안철수 국민의당 대표가 11월1일 대선 출마를 공식 선언한다. 안 대표의 대선 ‘삼수’ 공식화로 대선 초반 ‘다자구도’가 확정되면서, 야권의 대선 셈법도 복잡해졌다...
                    ", 2021.10.31
484,정치,"'변방의 독고다이' 홍준표-'반문 검찰주의자' 윤석열, 누가 이길까",한겨레 ,"
                        이번 주 가장 뜨거운 정치뉴스는 11월 5일 결과가 발표되는 국민의힘 대선후보 경선일 것입니다. 더불어민주당 의원들조차 기자들에게 “윤석열이 되는 거냐, 홍준표가 ...
                    ", 2021.10.31
485,정치,"이인영, WFP사무총장·교황청 추기경 만나 대북 인도협력 논의",한겨레 ,"
                        이인영 통일부 장관이 29일(현지시각) 데이비드 비즐리 세계식량계획(WFP) 사무총장과 피터 코도 아피아 턱슨 교황청 인간발전부 추기경을 만나 “한반도 정세와 남북관...
                    ", 2021.10.31
486,정치,"안철수 국민의당 대표, 내일 대선 출마 선언",한겨레 ,"
                        [2022 대선] 국민의당 안철수 대표가 내일 대선 출마를 선언한다. 안 대표의 대선 출마는 이번이 세번째다. 국민의당은 다음달 1일 오전 10시 서울 여의도 국회 잔디광...
                    ", 2021.10.31
487,정치,"바이든 여사 만난 김정숙 여사 ""평화 위한 여정에 한미 함께""",한겨레 ,"
                        주요20개국(G20) 정상회의에 참석하기 위해 이탈리아를 방문 중인 문재인 대통령의 부인 김정숙 여사가 정부가 추진하는 ‘한반도 평화 프로세스’에 대한 지지를 정상 ...
                    ", 2021.10.31
488,정치,"문 대통령, G20 회의서 ""코로나 백신 접종 격차 매우 커""",한겨레 ,"
                        문재인 대통령이 주요20개국(G20) 정상회의에 참석해 “나라별로 코로나 백신 접종의 격차가 매우 크다”면서 모든 나라의 코로나19 백신 접종률을 높여야 한다고 말했...
                    ", 2021.10.30
489,정치,"문 대통령 ""교황 방북 제안""에 바이든 ""반가운 소식""",한겨레 ,"
                        주요 20개국(G20) 정상회의 참석을 위해 이탈리아 로마를 방문 중인 문재인 대통령이 30일(현지시간) 같은 천주교 신자인 조 바이든 미국 대통령을 만나 프란치스코 교...
                    ", 2021.10.30
490,정치,"[공덕포차] 홍준표 VS 윤석열, '윤리적 딜레마'에 빠진 민주당",한겨레 ,"
                        [시사맛집 공덕포차 시즌3] 종반으로 치닫는 국민의힘 대선 경선 ! ‘개사과 ’로 치명상을 입은 윤석열 후보 ! 이를 바짝 추격한 홍준표 후보 ! 승부의 향방은 미궁에 ...
                    ", 2021.10.30
491,정치,대선을 비호감 경쟁으로 끝낼 것인가,한겨레 ,"
                        “따뜻한 아이스아메리카노 주세요.” 대통령 후보 반열의 정치인에 대한 유권자 요구는 이율배반적이다. 강력한 팬덤을 만들라면서 지지층에 매몰되지 말라고 한다. 순...
                    ", 2021.10.30
492,정치,[논썰] '공정·법치·상식' 간데없는 윤석열의 '대선 행보' 4개월,한겨레 ,"
                        안녕하십니까. ‘논썰’의 박용현입니다. 윤석열 전 검찰총장은 지난 6월29일 대선 출마 선언을 하면서 상식, 법치, 공정, 정의를 전면에 내세웠습니다. 검찰총장을 중...
                    ", 2021.10.30
493,정치,"교황청 ""북한 인도적 지원 준비돼 있다""",한겨레 ,"
                        “북한과의 대화 노력이 계속되기를 바란다.” 프란치스코 교황이 29일 자신을 두번째 찾아온 신자 ‘디모테오’(문재인 대통령 세례명)에게 한반도 평화를 위한 노력을...
                    ", 2021.10.30
494,정치,"홍준표, 유승민한테 ""경제부총리 했으면""..유는 홍에게 ""법무장관 어떠냐""",한겨레 ,"
                        29일 열린 국민의힘 대선 경선 마지막 ‘맞수토론’에서 홍준표 의원과 유승민 전 의원은 대학 입시 제도와 모병제, 공매도 등을 주제로 치열한 공약 검증을 벌였다. 윤...
                    ", 2021.10.29
495,정치,"문 대통령, 교황에 방북 제안..""초청 오면 기꺼이 가겠다""",한겨레 ,"
                        3년 만에 문재인 대통령을 만난 프란치스코 교항이 북한 방문 의사를 거듭 확인했다. 주요20개국(G20) 정상회의에 참석하기 위해 로마에 도착한 문재인 대통령은 29일 ...
                    ", 2021.10.29
496,정치,"20대 마음, 어떻게 얻죠?",한겨레 ,"
                        내년 3월9일 치러질 대선을 5개월 앞두고 정치권이 달아오르고 있다. 이재명 더불어민주당 대선후보는 경기지사로서 국정감사를 마친 뒤 지사직을 사퇴하고 본격적인 대...
                    ", 2021.10.29
497,정치,"울산 반구대 암각화, 댐에 수문 설치해 침수 막는다",한겨레 ,"
                        정부가 울산 사연댐에 수문을 설치해 반구대 암각화가 물에 잠기지 않도록 수위를 조절하기로 결정했다. 정부는 29일 김부겸 국무총리 주재로 울산 암각화 박물관에서 ...
                    ", 2021.10.29
498,정치,군 장병 휴가 정상시행..군내 거리두기 개편,한겨레 ,"
                        정부의 단계적 일상회복 1단계 계획에 맞춰 국방부도 군 장병 휴가를 정상화하는 등 군내 거리두기를 개편하기로 했다. 서욱 국방부 장관은 29일 제14차 코로나19 전군 ...
                    ", 2021.10.29
499,정치,"심상정 ""'사과 받겠다'던 문 대통령, 슬며시 위안부 합의 인정"" 비판",한겨레 ,"
                        심상정 정의당 대선 후보가 29일 일본군 ‘위안’부 피해자인 이용수 할머니와 만나 ‘유엔 고문방지협약(CAT)’을 통한 문제 해결에 적극 나서겠다고 약속했다. 심 후...
                    ", 2021.10.29
500,정치,'대장동 무한궤도' 벗어나려는 이재명 정책 행보..당내 혼선 우려,한겨레 ,"
                        ‘음식점 총량제’ 구상으로 논란을 일으켰던 이재명 더불어민주당 대선 후보가 29일엔 ‘재난지원금 전국민 지급’을 제안했다. ‘대장동 국면’을 정책 발표를 통해 ...
                    ", 2021.10.29
501,정치,"창과 방패의 싸움, 대함미사일과 근접방어무기체계",한겨레 ,"
                        1967년 10월21일 이스라엘 구축함 ‘에일라트’는 이집트의 수에즈 운하 북쪽 포트사이드항 근처에서 무력 시위를 벌이고 있었다. 이보다 4개월 앞선 그해 6월 이스라엘...
                    ", 2021.10.29
502,정치,[예언해줌] 손준성의 '침대 축구'와 홍준표의 치명적 약점?,한겨레 ,"
                        [it슈 예언해줌] 이번 주 완타치 3K쇼 뉴스 ‘예언해줌 라이브’ 요약본은 ‘개 사과’ 해명 과정에서 아직 검찰 때 버릇 못 버린 티를 낸 국민의힘 윤석열 대선 예비후...
                    ", 2021.10.29
503,정치,조은희·정미경·전희경·이혜훈..'윤희숙 빈자리' 서초갑 노린다,한겨레 ,"
                        국민의힘 소속인 조은희 서초구청장이 윤희숙 전 의원의 사퇴로 공석이 된 서울 서초갑 국회의원 보궐선거 도전을 선언했다. 국민의힘 공천만으로 당선이 확실한 ‘노른...
                    ", 2021.10.29
504,정치,홍준표 '3·9·8 윤석열' 뼈 때리기 vs 윤석열 '호남 정치인 영입' 박차,한겨레 ,"
", 2021.10.29
505,정치,"""20대가 보수화? 청년 세대가 힘든 책임을 집권당에 묻는 것""",한겨레 ,"
                        지난 6월 36살의 이준석씨가 제1야당인 국민의힘 대표로 깜짝 선출되자, 그 의미를 짚기 위해 신문·방송에선 젊은 정치인들의 좌담이나 인터뷰를 앞다퉈 실었다. <한겨...
                    ", 2021.10.29
506,정치,"윤석열 ""홍준표, 위트 있고 귀여워""..'어깨 툭' 논란엔 ""친해졌다""",한겨레 ,"
                        윤석열 전 검찰총장이 대선 경쟁자인 홍준표 의원에 대해 “위트 있고 귀엽다”고 평가했다. 정치 입문 이후 지속된 실언을 줄이기 위해선 “훈련하고 노력하겠다”고 ...
                    ", 2021.10.29
507,정치,사상자 2621명 vs 3만5000명..'장진호 전투'의 진짜 승자는?,한겨레 ,"
                        “후퇴라니? 우리는 다른 방향으로 진격하고 있다.” “후퇴하느냐?”는 미국 종군기자의 질문에 올리버 스미스 미 해병 1사단장이 쏘아붙였다. 1950년 11월27일 미 해...
                    ", 2021.10.29
508,정치,"이재명 '전국민 지원금' 또 제안 ""내년 예산안이나 추경으로 확보""",한겨레 ,"
                        [2022 대선] 이재명 더불어민주당 대선 후보가 전국민 재난지원금 지급을 예산안에 반영해 추진하겠다고 29일 밝혔다. 이 후보는 이날 민주당 소속 국회 보건복지위원들...
                    ", 2021.10.29
509,정치,"[갤럽] ""전두환 잘한 일 많다"" 16%뿐..노태우는 21%",한겨레 ,"
                        박정희·전두환·노태우·김영삼·김대중·노무현 전 대통령 중 전두환씨에 대한 긍정평가가 가장 낮다는 여론조사 결과가 나왔다. 한국갤럽이 지난 26~28일 전국 성인 ...
                    ", 2021.10.29
510,정치,"김종인 ""내년 대선, 이재명-윤석열 대결""..사실상 '윤석열 측면지원'",한겨레 ,"
                        [2022 대선] 김종인 전 국민의힘 비상대책위원장이 29일 “내년 대선은 이재명 민주당 후보 대 윤석열 후보의 경쟁이 될 것”이라고 전망했다. 국민의힘 최종 대선후보 ...
                    ", 2021.10.29
511,정치,11월부터 비수도권 12명 모임 가능 ..'백신패스' 1~2주 계도기간,한겨레 ,"
                        정부가 새달 1일부터 새로운 방역체계인 ‘단계적 일상회복’ 1단계를 시행한다. 이에 따라 사적 모임 인원제한이 백신 접종 여부와 상관 없이 수도권 10명, 비수도권 1...
                    ", 2021.10.29
512,정치,"[공덕포차]'개사과 치명타'입은 윤석열, 홍준표가 막판 역전?",한겨레 ,"
                        [시사맛집 공덕포차 시즌3] “윤석열 , 골목대장 노릇 며칠 안 남아 ” “홍준표 , 주변에 배신자 많아 ” ‘개사과 논란 ’으로 치명타를 입은 윤석열 후보 , 이를 틈...
                    ", 2021.10.28
513,정치,"윤, 중진들 이끌고 '세과시 회견'..홍 ""골목대장 노릇"" 비난",한겨레 ,"
                        국민의힘 대선 후보 자리를 놓고 각축을 벌이고 있는 윤석열 전 검찰총장과 홍준표 의원 간 신경전이 격화하고 있다. ‘매머드급 의원군단’을 꾸린 윤 전 총장이 “정...
                    ", 2021.10.28
514,정치,"""신의주~단둥 열차 새달 재개 가능성""",한겨레 ,"
                        코로나19 장기화로 끊겼던 북한의 신의주와 중국 단둥 간 열차 운행이 오는 11월에 재개될 가능성이 있다고 국가정보원이 국정감사를 통해 밝혔다. 김정은 북한 국무위...
                    ", 2021.10.28
515,정치,"""난 정치 26년간 막말 몇 번, 윤석열은 3개월 만에 26번 막말""",한겨레 ,"
                        국민의힘 대선주자인 홍준표 의원이 “민심을 이기는 당심은 없다”며 당내 경선의 승리를 자신했다. 홍 후보는 28일 오후 서울 여의도 대선캠프에서 가진 기자회견에서...
                    ", 2021.10.28
516,정치,"하태경 ""여가부, 여당 공약 개발 지시..정부가 선거 뒷바라지""",한겨레 ,"
                        여성가족부가 직원들에게 지난 7월 더불어민주당의 정책 공약 개발을 지시했다는 의혹이 28일 국민의힘에서 제기됐다. 국민의힘은 지난 9월 산업통상자원부 차관이 직원...
                    ", 2021.10.28
517,정치,노동시간 단축 쟁점화..'주4일제' 공약 뜰까,한겨레 ,"
                        내년 대선을 앞두고 주 4일 근무제로 대표되는 ‘노동시간 단축’이 정책 의제로 부상하고 있다. 심상정 정의당 대선후보가 제1공약으로 ‘주 4일 근무제’를 내세운 상...
                    ", 2021.10.28
518,정치,"이재명, 경선 후보 회동 마무리 ""넓게 쓰겠다"" 원팀 선대위 강조",한겨레 ,"
                        새달 2일로 예정된 선거대책위원회 출범을 앞두고 이재명 더불어민주당 대선 후보의 본선 채비에도 탄력이 붙고 있다. 경선 과정에서 경쟁했던 후보들을 선대위로 포용...
                    ", 2021.10.28
519,정치,이재명발 '음식점 총량제' 논란,한겨레 ,"
                        ‘음식점 허가총량제’ 구상을 밝혔던 이재명 더불어민주당 대선 후보가 28일 “당장 시행하겠다는 이야기는 아니었다”고 해명했지만, 포화 상태인 자영업 규제 방안의...
                    ", 2021.10.28
520,정치,문 대통령 G20 참석 위해 출국.. 내일 교황과 한반도 평화 논의,한겨레 ,"
                        문재인 대통령이 이탈리아와 영국에서 각각 열리는 주요20개국(G20) 정상회의와 제26차 유엔기후변화협약 당사국총회(COP26) 참석 등을 위해 28일 성남공항을 통해 출국...
                    ", 2021.10.28
521,정치,[전국지표조사] 국민의힘 후보 적합도 홍준표 25%·윤석열 20%,한겨레 ,"
                        국민의힘 대선 후보 적합도를 묻는 여론조사에서 홍준표 후보와 윤석열 후보가 오차 범위 안에서 팽팽한 접전을 이어가고 있는 것으로 나타났다. 국민의힘은 다음 달 1~...
                    ", 2021.10.28
522,정치,"[리얼미터] 국힘 대선후보 경쟁력..홍준표 38.2%, 윤석열 33.1%",한겨레 ,"
                        [2022 대선] 홍준표 의원이 국민의힘 대선 주자 경쟁력 조사와 이재명 더불어민주당 대선 후보와의 양자 가상대결에서 모두 우위에 선 여론조사 결과가 나왔다. 리얼미...
                    ", 2021.10.28
523,정치,"럭키사이다 화염병, 구멍난 수통..백마고지 전투가 남긴 비망록",한겨레 ,"
                        국방부는 28일 지난 9월부터 강원 철원군 비무장지대 백마고지 일대에서 유해발굴 중인데, 2달 동안 26점의 유해와 5132점의 전사자 유품을 발굴했다고 밝혔다. 유해의 ...
                    ", 2021.10.28
524,정치,"야당, ""헛소리 총량제부터""..이재명 '음식점 총량제' 발언 맹폭",한겨레 ,"
                        국민의힘은 이재명 더불어민주당 대선 후보의 ‘음식점 허가 총량제’ 발언에 집중포화를 쏟아냈다. 이준석 대표는 28일 최고위원회의에서 “경제학의 근본을 무시하는 ...
                    ", 2021.10.28
525,정치,"한-러 외교장관 ""북핵 협상 조속 재개 협력키로""",한겨레 ,"
                        러시아를 방문한 정의용 외교부 장관과 세르게이 라브로프 러시아 외무장관이 27일(현지시각) 북핵 문제 해결의 시급성에 공감하고 한반도 프로세스의 조기 재가동을 위...
                    ", 2021.10.28
526,정치,"윤석열, '전두환 국가장' 질문에 ""언급할 필요 없다""",한겨레 ,"
                        국민의힘 대선 경선 투표를 4일 앞둔 28일 윤석열 전 검찰총장은 “윤석열로 이기는 것이 문재인 정권에 가장 뼈아픈 패배를 안겨주는 것”이라며 대국민 지지 호소에 ...
                    ", 2021.10.28
527,정치,"이철희 ""전두환 국가장·국립묘지 안장, 일고의 가치도 없어""",한겨레 ,"
                        이철희 청와대 정무수석이 노태우 전 대통령 국가장 논란이 일고 있는 가운데 “전두환 전 대통령의 경우 국가장이나 국립묘지 안장은 일고의 가치도 없다고 생각한다”...
                    ", 2021.10.28
528,정치,"청, 김영문 사회통합비서관 '발탁'",한겨레 ,"
                        문재인 대통령은 27일 청와대 사회통합비서관에 김영문(53) 총무비서관실 선임행정관을 승진·발탁했다. 김 신임 비서관은 경희대 수학과를 졸업하고 한양대 과학기술정...
                    ", 2021.10.28
529,정치,고 변희수 전 하사 전역취소 판결 확정,한겨레 ,"
                        성 전환 수술한 고 변희수 전 하사에게 강제전역 처분을 내린 육군의 조처가 부당하다는 1심 법원 판결이 27일 확정됐다. 이번 소송의 피고(육군참모총장)가 1심 판결 ...
                    ", 2021.10.27
530,정치,"이재명 ""부동산 불로소득 타파""..대장동 민심 돌파 '승부수'",한겨레 ,"
                        더불어민주당 이재명 대선 후보가 27일 “이번 선거에서 가장 중요한 쟁점은 누가 뭐래도 부동산”이라며 “정책적 대안을 통해 부동산 불로소득 공화국을 타파하겠다”...
                    ", 2021.10.27
531,정치,'제2의 대장동 방지법' 속도 내는 여당,한겨레 ,"
                        이재명 더불어민주당 대선 후보가 ‘부동산 불로소득 타파’를 주요 대선 공약으로 예고하면서 이를 실현시킬 여권의 후속 조처에 관심이 커지고 있다. 민주당 의원들 ...
                    ", 2021.10.27
532,정치,전술핵 재배치·남북군사합의 파기..보수본색 홍준표 잇단 '과격 공약',한겨레 ,"
                        국민의힘 대선 경선 주자인 홍준표 국민의힘 의원이 ‘전술핵 재배치’ ‘남북군사합의 파기’ ‘사드 3불 정책 파기’ 등 과격한 ‘보수 본색’을 드러내고 있다. 그는...
                    ", 2021.10.27
533,정치,"노태우 국가장, 전두환과 달리 '반성 행보' 고려..문 대통령, 조문 않기로",한겨레 ,"
                        문재인 대통령은 27일 “노태우 전 대통령이 5·18 민주화운동 강제 진압과 12·12 군사쿠데타 등 역사적 과오가 적지 않지만 88올림픽의 성공적 개최와 북방정책 추진,...
                    ", 2021.10.27
534,정치,"윤석열 '공수처 수사 부당함' 질문에..국힘 후보들 ""왜 나한테 묻나""",한겨레 ,"
                        윤석열 전 검찰총장: 체포영장 기각된 사람(손준성 검사)에 대해 고위공직자범죄수사처(공수처)가 구속영장을 청구하는 건 저도 27년 법조 생활 중 처음 보는 건데 전체...
                    ", 2021.10.27
535,정치,청와대 사회통합비서관에 김영문 행정관,한겨레 ,"
                        문재인 대통령이 27일 청와대 사회통합비서관에 김영문(53) 총무비서관실 선임행정관을 임명했다. 박경미 청와대 대변인은 “김 비서관은 정부 출범 초부터 청와대에서 ...
                    ", 2021.10.27
536,정치,[포토] 노태우 전 대통령 빈소 조문 행렬,한겨레 ,"
                        13대 대통령을 지낸 노태우씨 빈소가 27일 오전 서울 종로구 서울대병원 장례식장에 마련돼 추모 인사들의 조문행렬이 이어졌다. 이날 오전 10시부터 시작된 조문에서 ...
                    ", 2021.10.27
537,정치,"하태경도 윤석열 캠프로..'의원 쏠림'에 홍준표 ""내 뒤엔 국민""",한겨레 ,"
                        국민의힘 대선경선 당원투표를 닷새 앞두고 중립지대에 있던 현역 의원들이 잇따라 윤석열 캠프로 합류하고 있다. 여론조사 우위를 자신하고 있는 홍준표 의원은 “민심...
                    ", 2021.10.27
538,정치,"민주당 의원들 모인 토론회서..'소득보장 강화' 공감대, '기본소득'엔 신중",한겨레 ,"
                        더불어민주당 의원 75명이 연 ‘문재인 정부 평가’ 토론회에서 비정규직, 노인, 빈곤층에 대한 보장 강화에 한계가 있었다는 반성의 목소리가 나왔다. 이에 특수고용노...
                    ", 2021.10.27
539,정치,"추미애, 이재명 명예선대위원장 맡기로",한겨레 ,"
                        더불어민주당 대선 경선 후보였던 추미애 전 법무부장관이 이재명 후보의 명예선거대책위원장을 맡기로 했다. 이 후보는 27일 서울 여의도의 한 음식점에서 추 전 장관...
                    ", 2021.10.27
540,정치,광주에 조기 게양? 전두환도?.. '노태우 국가장'에 반발 목소리,한겨레 ,"
                        정부가 27일 노태우 전 대통령 장례를 국가장으로 치르기로 결정하자 정치권에선 반발하는 목소리가 터져나왔다. 당 지도부는 ‘고심 끝에 내린 정부의 결정을 따른다’...
                    ", 2021.10.27
541,정치,"문 대통령, 노태우 사망에 ""5·18 12·12 과오 적지 않지만 북방정책 성과""",한겨레 ,"
                        문재인 대통령이 노태우 전 대통령 빈소에 직접 조문가는 대신 유영민 대통령 비서실장과 이철희 정무수석을 보내 조문하기로 결정했다. 이와 함께 문 대통령은 고인에 ...
                    ", 2021.10.27
542,정치,"이재명 ""이번 선거 쟁점은 부동산.. 불로소득 타파""",한겨레 ,"
                        [2022 대선] 더불어민주당 이재명 대선 후보가 “정책적 대안을 통해 부동산 불로소득 공화국을 타파하겠다”고 27일 밝혔다. 이 후보는 이날 페이스북에서 “각종 세제...
                    ", 2021.10.27
543,정치,"정의용, 러시아 방문..오늘 한-러 외교장관 회담",한겨레 ,"
                        러시아를 방문 중인 정의용 외교부 장관이 27일(현지시각) 세르게이 라브로프 러시아 외교장관과 한-러 외교장관회담을 한다. 정 장관은 이날 오후 모스크바에서 라브로...
                    ", 2021.10.27
544,정치,"[속보] 김 총리 ""노태우 전 대통령 장례식 국가장으로""",한겨레 ,"
                        정부가 고 노태우 전 대통령의 장례를 국가장으로 치르기로 결정했다. 김부겸 국무총리는 27일 정부서울청사에서 열린 국무회의에서 “고인께서는 13대 대통령으로 재임...
                    ", 2021.10.27
545,정치,"북, 내각 화상회의서 생필품 확대 논의..무책임한 간부 비판도",한겨레 ,"
                        김덕훈 내각총리 주재로 “내각전원회의 확대회의가 26일 화상회의 방식으로 진행됐다”고 <노동신문>이 27일 1면에 보도했다. 회의에서는 “3/4분기 인민경제계획 수행...
                    ", 2021.10.27
546,정치,"손준성 영장기각에..조성은 ""사건 전체를 전면 수사해야""",한겨레 ,"
                        [윤석열 검찰 ‘고발 사주’ 의혹] 검찰의 ‘고발 사주 의혹’ 핵심 인물인 손준성 대구고검 인권보호관에 대한 사전 구속영장이 기각되자, 해당 사건을 공익제보했던 ...
                    ", 2021.10.27
547,정치,"여야, 노태우 사망에 공과 짚으며 애도",한겨레 ,"
                        26일 노태우 전 대통령 사망 소식이 전해지자 정치권 및 사회 각계에서는 애도의 메시지와 함께 12·12 군사반란, 5·18 민주화운동 민간인 학살 개입 등 그가 저지른 ...
                    ", 2021.10.26
548,정치,"국힘 대선주자들, 문 대통령-이재명 회동에 ""잘못된 만남"" 맹공",한겨레 ,"
                        [2022 대선] 이재명 더불어민주당 대선 후보가 26일 문재인 대통령을 만나자 국민의힘 대선주자들은 “부적절하고 잘못된 만남”이라며 공세 수위를 높였다. 현직 대통...
                    ", 2021.10.26
549,정치,"'내란죄' 노태우, 현충원 안장되나..국민 정서가 관건",한겨레 ,"
                        26일 사망한 노태우 전 대통령이 국립현충원에 묻힐 수 있을까. 결론부터 말하면 그럴 수도 있고 아닐 수도 있다. 관련 법률에 빈틈이 있기 때문이다. 국립묘지법상 전...
                    ", 2021.10.26
550,정치,"이용수 할머니 ""'위안부' 문제 유엔 고문방지협약 통해서라도""",한겨레 ,"
                        일본군 ‘위안부’ 피해자 이용수 할머니가 26일 유엔 고문방지협약에 따른 해결 절차를 문재인 정부에 촉구했다. 이용수 할머니가 이끄는 ‘위안부’ 문제 국제사법재...
                    ", 2021.10.26
551,정치,"국민의힘, 이재명과 OOO 전제 '4지 선다' 여론조사 문구 확정",한겨레 ,"
                        국민의힘이 대선 후보 선출을 위한 본경선 여론조사 문항을 ‘가상 양자대결을 전제로 한 4지선다형’으로 확정했다. 가상 양자대결을 선호하던 윤석열 전 검찰총장과 4...
                    ", 2021.10.26
552,정치,"이재명, 문 대통령 '인증' 받고 정세균 만나며 '원팀 구성' 박차",한겨레 ,"
                        [2022 대선] 더불어민주당 이재명 대선 후보가 26일 문재인 대통령을 만나 집권여당 대선후보로서 ‘정식 인증’을 받았다. 이 후보는 이날 오후 정세균 전 총리도 만나...
                    ", 2021.10.26
553,정치,"문 대통령, 아세안 정상들에게 ""연대와 협력만이 코로나 극복의 길""",한겨레 ,"
                        문재인 대통령이 26일 화상으로 열린 한-아세안(ASEAN·동남아시아국가연합) 정상회의에서 “최근 백신보급률이 낮은 지역을 중심으로 델타변이가 퍼지고, 빈번한 생산...
                    ", 2021.10.26
554,정치,"문 대통령, 이재명 후보 만나 '원팀' 강조..'국정철학 계승' 대화도",한겨레 ,"
                        문재인 대통령이 이재명 더불어민주당 대선후보를 26일 청와대로 초청해 “하나가 되는 것이 중요하다”며 ‘원팀’을 강조했다. 지난 10일 여당 대선 후보가 확정된 뒤...
                    ", 2021.10.26
555,정치,"김부겸 ""신설 공공기관, 원칙적으로 비수도권 설치""",한겨레 ,"
                        김부겸 국무총리가 “신설되는 공공기관은 원칙적으로 비수도권에 설치되게 ‘공공기관 사전입지 타당성 검토’ 제도를 도입하겠다”고 밝혔다. 김 총리는 26일 경북 안...
                    ", 2021.10.26
556,정치,전두환 친구에서 후계자까지..'2인자' 노태우의 일생,한겨레 ,"
                        대한민국 13대 대통령이었던 노태우씨가 26일 사망했다. 기관지 질환과 소뇌 위축증 탓에 대외 활동을 삼가며 투병 생활을 이어간 지 10여년 만이다. 향년 89. 노태우씨...
                    ", 2021.10.26
557,정치,"감사원 ""적십자사, 5년간 부적격혈액제제 수혈 2만8천건""",한겨레 ,"
                        대한적십자사 소속 혈액원이 지난 5년간 인간면역결핍바이러스(HIV), 비(B)형 간염 같은 요인의 부적격혈액제제를 수혈하고 수혈자에게 이 사실을 통보하지 않았다고 감...
                    ", 2021.10.26
558,정치,"김동연의 1호 공약 ""공무원 수 20% 줄이겠다""",한겨레 ,"
                        최근 ‘새로운 물결’ 창당을 선언한 김동연 전 경제부총리가 공무원 개혁을 주제로 한 대선 1호 공약을 26일 발표했다. 공무원 수를 획기적으로 줄이고, 부패 공무원 ...
                    ", 2021.10.26
559,정치,"[예언해줌]'지사 사퇴' 이재명, 첫 행보로 문 대통령 찾은 내막은?",한겨레 ,"
                        [it슈 예언해줌] 이번 주 완터치 3K쇼 뉴스 ‘예언해줌 라이브’는 각각 대장동 이슈와 잇단 말실수로 지지율 박스권에 갇힌 더불어민주당 이재명 대선 후보와 국민의힘...
                    ", 2021.10.26
560,정치,"여·야, 청와대 국정감사서 '대장동 특검 요구' 검은 리본 놓고 충돌",한겨레 ,"
                        여야가 청와대 국정감사에서 대장동 특검을 요구하는 마스크와 검은 리본 착용을 놓고 충돌했다. 26일 국회 운영위원회 대통령비서실 국감에서 국민의힘 의원들은 흰색 ...
                    ", 2021.10.26
561,정치,"당정 ""11월12일부터 유류세 20% 인하..휘발유 리터당 164원↓""",한겨레 ,"
                        더불어민주당과 정부가 휘발유·경유·엘피지에 대한 유류세를 다음달 12일부터 20% 인하하기로 했다. 역대 최대폭으로, 휘발유의 경우 리터당 164원, 경유는 116원, 엘...
                    ", 2021.10.26
562,정치,"김부겸 ""핼러윈 데이 코로나 확산 우려..유흥시설 방역에 총력""",한겨레 ,"
                        김부겸 국무총리가 26일 일상회복 지원위원회 논의를 거쳐 접종증명‧음성확인제를 다음달부터 시행할 수 있게 준비하겠다고 밝혔다. 김 총리는 이날 정부세종청사에서 ...
                    ", 2021.10.26
563,정치,"김정은, 6·25 참전 중국 열사능 화환..""세대 바뀌어도 친선 굳건""",한겨레 ,"
                        김정은 조선노동당 총비서 겸 국무위원장은 25일 “중국인민지원군 조선 참전 기념일에 즈음해 평안남도 회창군에 있는 중국인민지원군 열사능원에 화환을 보내셨다”고...
                    ", 2021.10.26
564,정치,"[단독] 민주당, '무주택 월세가구 1억 1% 대출'  등 대선 공약 논의 본격화",한겨레 ,"
                        [2022 대선] 더불어민주당이 내년 3월 대선에서 선보일 공약 개발에 박차를 가하고 있다. 당과 이재명 후보 쪽의 공약이 취합되고 있는 가운데 주거안정 대책으로 무주...
                    ", 2021.10.26
565,정치,"국민의힘 후보들, 휴전하고 정책 토론..""이재명 이길 자신 있다""",한겨레 ,"
                        25일 열린 국민의힘 대선 충청 경선 후보 합동토론회에서 후보들은 노동조합과의 ‘사회적 대타협’, 언론 개혁 방안 등을 놓고 치열한 정책 토론을 벌였다. 이날 네거...
                    ", 2021.10.25
566,정치,[코리아리서치] 이재명 대항마로 홍준표 38.9%-윤석열 28.8% 꼽아,한겨레 ,"
                        [2022 대선] 이재명 더불어민주당 대선후보에 맞선 경쟁력에서 홍준표 의원이 윤석열 전 검찰총장을 앞서는 여론조사 결과가 나왔다. 여론조사업체인 코리아리서치가 <...
                    ", 2021.10.25
567,정치,"국민의힘, 내년 지방선거 후보자 대상 '자격시험'",한겨레 ,"
                        국민의힘이 내년 6월 지방선거에 출마할 공직 후보자를 대상으로 자격시험을 도입하기로 했다. 국민의힘은 25일 최고위원회의를 열어 내년 6월1일 치러지는 지방선거에 ...
                    ", 2021.10.25
568,정치,한-메콩 정상회의 취소..미얀마 군부집권 때문,한겨레 ,"
                        [미얀마 민주화 시위] 청와대가 오는 26일 예정했던 한-메콩 정상회의를 메콩 국가쪽 사정으로 취소한다고 25일 밝혔다. 메콩 국가 가운데 하나인 미얀마에서 쿠데타 이...
                    ", 2021.10.25
569,정치,"이준석 ""김종인이 지휘해야 대선 승리 가까워져""",한겨레 ,"
                        이준석 국민의힘 대표가 25일 “김종인 전 비상대책위원장을 활용해야만 대선 승리에 가까이 갈 수 있다”고 강조했다. 대선 승리를 위해 김 전 위원장을 ‘모시겠다’...
                    ", 2021.10.25
570,정치,"문 대통령 ""회복 위한 확장재정"" 강조..""손실보상 여전히 부족"" 비판도",한겨레 ,"
                        문재인 대통령이 25일 마지막 국회 시정연설에서 “‘완전한 회복과 국가의 미래’를 위해 내년도 예산을 604조 4천억원 규모로 확장 편성했다”고 밝혔다. 그러나 문 ...
                    ", 2021.10.25
571,정치,"정부, 이란에 아스트라제네카 백신 100만회분 공여",한겨레 ,"
                        정부가 코로나19 대응 노력의 일환으로 이란에 아스트라제네카 백신을 무상 지원(공여)하기로 했다. 외교부는 25일 보도자료를 내어 “정부는 코로나19 확산세 하에서 ...
                    ", 2021.10.25
572,정치,이낙연 '신복지' 수용한 이재명..'기본소득'과 병행 가능할까,한겨레 ,"
                        이재명 더불어민주당 대선후보가 이낙연 전 민주당 대표의 ‘신복지 공약’을 수용하기로 하면서 ‘기본소득’으로 대표되는 이 후보의 기존 공약과 양립할 수 있을지 ...
                    ", 2021.10.25
573,정치,"'대선문' 연 이재명, 대장동 파고 넘고 중도·청년 잡아야",한겨레 ,"
                        이재명 경기지사가 25일 지사직을 사퇴하고 더불어민주당 후보로서 대선 레이스의 출발선에 섰다. 전날 이낙연 전 민주당 대표를 만나며 ‘원팀’ 채비를 갖춘 그가 빠...
                    ", 2021.10.25
574,정치,"문 대통령, 26일 이재명 후보와 면담",한겨레 ,"
                        문재인 대통령이 26일 오전 더불어민주당 대통령 선거 후보로 선출된 이재명 전 경기지사를 만난다. ‘경선 후유증’과 ‘대장동 개발 의혹’ 등으로 지지율이 정체된 ...
                    ", 2021.10.25
575,정치,"국힘, 성남도개공 사장 사퇴 압박 녹취록 공개..""시장님 명""",한겨레 ,"
                        2015년 2월 화천대유가 설립된 날, 유한기 성남도시개발공사 개발사업본부장이 황무성 사장에게 “(이재명) 시장님 명”이라며 사장직 사퇴를 종용하는 녹음파일을 국민...
                    ", 2021.10.25
576,정치,"당정 ""전세자금, 4분기 대출 총량 관리서 제외""",한겨레 ,"
                        더불어민주당과 정부가 25일 전세자금·잔금 대출 중단 등 실수요자에게 피해가 발생하지 않도록 전세 대출을 올해 4분기 총량 관리 대상에서 제외하기로 했다. 결혼식...
                    ", 2021.10.25
577,정치,"윤석열 특보 김경진, 윤 대신 4차례 사과..""국민께 죄송""",한겨레 ,"
                        윤석열 캠프의 대외협력특보인 김경진 전 의원이 25일 ‘전두환 옹호’부터 ‘개 사과 사진’ 논란에 이르기까지 윤 전 총장을 대신해 무려 4차례 사과했다. 김 특보는 ...
                    ", 2021.10.25
578,정치,"'1일 1망언'에 내놓은 해명이 ""윤석열, 가슴 속 얘기 하다 보니..""",한겨레 ,"
                        윤석열 캠프의 공동선거대책위원장인 김태호 의원이 “가슴에 있는 이야기를 (윤 전 총장이) 하다 보니 실언이 될 수 있다”고 분석했다. ‘개 사과’ 논란에 대해선 “...
                    ", 2021.10.25
579,정치,장교랑 사병의 머리길이 다를 이유 없다..규정 단일화,한겨레 ,"
                        “짧게 잘린 내 머리가 처음에는 우습다가 거울 속에 비친 내 모습이 굳어진다 마음까지” 김광석의 ‘이등병의 편지' 노랫말은 군 입대로 머리카락이 짧게 ‘잘린’ 젊...
                    ", 2021.10.25
580,정치,"[KSOI] 국민 62% ""윤석열 '전두환 옹호' 사과 방식 부적절""",한겨레 ,"
                        국민 10명 가운데 6명이 국민의힘 대선주자인 윤석열 전 검찰총장의 ‘전두환 옹호 발언’ 사과 방식이 적절하지 못했다고 평가한 여론조사 결과가 25일 나왔다. 한국사...
                    ", 2021.10.25
581,정치,"김동연 ""윤석열, 공감능력 부족..지도자 희화화 불행한 일""",한겨레 ,"
                        제3지대에서 대선 출마를 선언한 김동연 전 경제부총리가 ‘전두환 옹호’ 발언과 ‘개 사과’ 논란으로 물의를 빚은 윤석열 전 검찰총장을 향해 “지도자가 국민을 조...
                    ", 2021.10.25
582,정치,"[전문] 문 대통령 ""초고속 성장의 그늘, 다음 정부 노력 이어져야""",한겨레 ,"
                        문재인 대통령이 임기 마지막 국회 시정연설을 통해 “지금까지 초고속 성장해온 이면에 그늘도 많다”면서 “정부는 마지막까지 미해결 과제들을 진전시키는데 전력을 ...
                    ", 2021.10.25
583,정치,"문 대통령 ""국제메탄서약 가입하겠다""",한겨레 ,"
                        문재인 대통령이 2030년까지 메탄 배출을 2020년 대비 30% 줄이는 ‘국제메탄서약’에 가입하겠다고 25일 밝혔다. 문 대통령은 이날 오전 국회에서 한 2022년도 예산안 ...
                    ", 2021.10.25
584,정치,[포토] 5년 연속 내년도 예산안 연설..문재인 대통령 연설 현장,한겨레 ,"
                        문재인 대통령이 다섯번째 내년도 예산안 관련 시정연설을 하기 위해 25일 오전 국회를 찾았다. 이날 오전 국회에 도착한 문재인 대통령은 박병석 국회의장의 안내를 받...
                    ", 2021.10.25
585,정치,[단독] 민주화운동 해직자 복직률 달랑 6%..정부는 자료까지 분실,한겨레 ,"
                        과거 민주화운동을 이유로 해직된 이들에 대한 복직 권고 중 93.5%가 이행되지 않고 있는 가운데, 정부가 개별 권고 시점과 내용, 사용자 쪽의 회신 여부, 불이행 이유 ...
                    ", 2021.10.25
586,정치,"이낙연, 이재명 선대위 상임고문 수락..""정권 재창출 힘 보태겠다""",한겨레 ,"
                        “문재인 정부 성공과 정권 재창출 위해서 작은 힘이나마 보태겠습니다.”(이낙연 전 더불어민주당 대표) “우리나라 미래를 위해서 반드시 정권 재창출하는 데 대표님...
                    ", 2021.10.24
587,정치,"김동연 '새로운 물결' 창당..""안철수·심상정과는 언제든 대화""",한겨레 ,"
                        제3지대에서 대선 출마를 선언한 김동연 전 경제부총리가 24일 신당 ‘새로운 물결’ 창당을 공식화했다. 송영길 더불어민주당 대표와 이준석 국민의힘 대표가 참석해 ...
                    ", 2021.10.24
588,정치,"'개 사과' 사과하더니..윤석열 ""어떤 것도 저들의 공격거리""",한겨레 ,"
                        윤석열 전 검찰총장이 국민의힘 당원들에게 자신의 ‘전두환 옹호’ 발언 관련 논란을 암시하며 “어떤 것도 저들의 공격거리가 될 수 있다”는 문자 메시지를 보낸 것...
                    ", 2021.10.24
589,정치,"봉하 찾은 심상정 ""검찰개혁 추진됐다면 '고발 사주'도 없었을 것""",한겨레 ,"
                        심상정 정의당 대선후보가 24일 경남 김해시 봉하마을의 고 노무현 전 대통령 묘소를 찾아 노무현 정신을 계승하겠다고 밝혔다. 심 후보는 이날 여영국 대표 등 당 지도...
                    ", 2021.10.24
590,정치,"성김 ""한국과 종전선언 포함 다양한 대북 협력 기대""",한겨레 ,"
                        성 김 미국 국무부 대북특별대표가 24일 “한국의 종전선언 제안을 포함한 다양한 아이디어와 이니셔티브(different ideas and initiatives)를 모색하는 데 지속적인 협...
                    ", 2021.10.24
591,정치,윤석열-홍준표 '친박계 모시기' 과열..단체장 공천 미끼 비판도,한겨레 ,"
                        다음달 5일로 다가온 국민의힘 대선후보 선출을 앞두고 윤석열 전 검찰총장과 홍준표 의원의 선두 다툼이 치열해지면서 세 불리기 경쟁이 과열 양상을 보이고 있다. 윤 ...
                    ", 2021.10.24
592,정치,변희수 하사 인사기록 '강제 전역' → '정상 전역' 바뀐다,한겨레 ,"
                        육군이 고 변희수 전 하사의 인사 기록을 ‘강제 전역’에서 ‘정상 전역’으로 고칠 방침이다. 법무부가 지난 22일 육군에 ‘강제 전역이 부당하다’는 1심 판결 항소...
                    ", 2021.10.24
593,정치,윤석열의 '치명적 망언들'..이재명이 집중 공격하는 까닭은,한겨레 ,"
                        도대체 왜 그랬을까요? 잘 몰라서 실수로 그랬을까요? 표를 얻기 위해서 일부러 그랬을까요? 윤석열 전 검찰총장의 전두환 전 대통령 발언과 그 이후 ‘개 사과’ 이야...
                    ", 2021.10.24
594,정치,"[공덕포차] '전두환 망언'에 '일베식 사과'.. ""윤석열, 자격 없다""",한겨레 ,"
                        [시사맛집 공덕포차 시즌3] “토리야 ! 인도사과다 !!!!” 전두환 망언에 버티다가 사과를 한 윤석열 후보는 자신의 반려견 토리에게 사과를 주는 사진을 올렸어요 ~ (...
                    ", 2021.10.23
595,정치,"김종인, 이준석 만난다..'킹메이커' 등판 임박?",한겨레 ,"
                        김종인 전 국민의힘 비상대책위원장이 오는 24일 이준석 국민의힘 대표와 만난다. 김 전 위원장과 이 대표는 24일 오후 2시 서울 마포구 누리꿈스퀘어에서 진행되는 김...
                    ", 2021.10.23
596,정치,"'전두환 옹호·개 사과' 논란 윤석열, 다음달 초 광주 방문",한겨레 ,"
                        윤석열 전 검찰총장이 다음달 초 광주를 방문한다. ‘전두환 옹호’ 발언에 이어 ‘사과는 개에게 주라’는 조롱성 사진으로 논란에 휩싸이자 호남 민심을 수습하려는 ...
                    ", 2021.10.23
597,정치,"이재명-이낙연, 2주 만에 만난다..'원팀 선대위' 논의할 듯",한겨레 ,"
                        [2022 대선] 더불어민주당 이재명 대선 후보와 이낙연 전 대표가 24일 회동하기로 했다. 이 후보의 대변인인 박찬대 의원은 “이 후보와 이 전 대표는 24일 오후 3시 서...
                    ", 2021.10.23
598,정치,"홍준표 ""이낙연 지지층 합류..함량 미달 후보 제칠 것""",한겨레 ,"
                        국민의힘 대선주자인 홍준표 의원이 23일 “이낙연 후보 지지층이 오고 있다”며 본선 경쟁력에 자신감을 드러냈다. 홍 의원은 이날 페이스북에 “지난주 이낙연 후보 ...
                    ", 2021.10.23
599,정치,"""정의당 재건과 진보집권 기반 강화""..'장강의 앞물' 돼도 여전한 꿈",한겨레 ,"
                        51.12% 대 48.88%. 예기치 못한 신승이었다. 지난 12일, 정의당 대선 후보 경선 결선투표에서 이정미 전 의원을 2.24%포인트 차이로 누르고 후보로 선출된 심상정 의원...
                    ", 2021.10.23
600,정치,"윤석열-김종인, '개 사과 사진' 파문 당일 만찬 회동",한겨레 ,"
                        국민의힘 대선 주자인 윤석열 전 검찰총장이 22일 대선 경선 토론회를 마치고 김종인 전 국민의힘 비상대책위원장을 만난 것으로 확인됐다. 윤석열 캠프의 김병민 대변...
                    ", 2021.10.22
601,정치,"이준석 ""복요리 같은 SNS, 아무나 하면 죽어..윤석열 캠프 개편해야""",한겨레 ,"
                        이준석 국민의힘 대표는 22일 유력 대선주자인 윤석열 전 검찰총장의 이른바 ‘개 사과’ 논란에 대해 “캠프를 개편할 필요가 있어 보인다”고 지적했다. 이 대표는 이...
                    ", 2021.10.22
602,정치,망언→구설→찔금 사과→개 사과..윤석열 해명조차 '오락가락',한겨레 ,"
                        ‘전두환 옹호’ 발언으로 여론의 질타를 받은 윤석열 전 검찰총장이 이번엔 공식 에스엔에스(SNS)에 반려견에게 사과를 주는 사진을 올려 논란에 휩싸였다. 전날 윤 전...
                    ", 2021.10.22
603,정치,"'원팀' 시급한 이재명, 이번 주말 이낙연 만날 듯",한겨레 ,"
                        이재명 더불어민주당 대선 후보가 22일 광주 5.18 민주묘지와 경남 봉하 노무현 전 대통령 묘역을 참배하며 본격적인 대선 행보에 나섰다. ‘대장동 국정감사’를 마무...
                    ", 2021.10.22
604,정치,"윤석열 ""'사과 사진' 기획자는 나..아내가 데리고 가 찍었다"" 해명",한겨레 ,"
                        22일 열린 국민의힘 대선 경선 ‘맞수토론’은 윤석열 전 검찰총장의 ‘사과 사진’ 게시 경위를 두고 뜨거운 공방이 오갔다. 윤 전 총장은 연이은 사과 사진 논란과 관...
                    ", 2021.10.22
605,정치,"이재명 대선 후보, 25일 경기도지사직 사퇴한다",한겨레 ,"
                        이재명 더불어민주당 대선 후보가 26일부터 경기도지사직을 내려놓고 대선 후보로서 선거 일정에 집중한다. 이 후보 쪽은 22일 “이 후보가 오는 25일까지 경기도지사로...
                    ", 2021.10.22
606,정치,'전두환 동생' 전경환 전 새마을중앙본부 회장 별세,한겨레 ,"
                        전두환 전 대통령 동생 전경환씨가 21일 지병으로 별세했다. 향년 79. 22일 전 전 대통령 쪽과 삼성서울병원 등에 따르면, 전씨는 그간 뇌경색과 다발성 심장판막 질환 ...
                    ", 2021.10.22
607,정치,"문 대통령, G20·COP26 참석 위해 다음주 유럽 순방",한겨레 ,"
                        문재인 대통령이 주요20개국(G20) 정상회의와 제26차 유엔기후변화협약 당사국총회(COP26) 참석 등을 위해 28일부터 다음달 5일까지 7박9일간 일정으로 유럽을 방문한다...
                    ", 2021.10.22
608,정치,"[예언해줌] 남욱이 쥔 키?..""'이재명 국감' 국민의힘 대응 찌질""",한겨레 ,"
                        [it슈 예언해줌] 이번 주 완타치 3K쇼 뉴스 ‘예언해줌 라이브’ 요약본은 ‘대장동 특혜 의혹’ 사건의 핵심 키맨으로 불리는 남욱 변호사가 쥐고 있는 키가 무엇인지...
                    ", 2021.10.22
609,정치,그러니까 사과할 마음 없단 거죠? 윤석열 '사과 사진' 전말,한겨레 ,"
                        [2022 대선] ‘전두환 옹호’ 발언으로 여론의 질타를 받은 윤석열 전 검찰총장이 이번엔 공식 에스엔에스(SNS)에 반려견에게 사과를 주는 사진을 게시해 논란에 휩싸였...
                    ", 2021.10.22
610,정치,"국힘, 배임 빠진 유동규 기소에 ""공작적 기소 용납 못해""",한겨레 ,"
                        검찰이 대장동 의혹의 핵심 인물인 유동규 전 성남도시개발공사 기획본부장의 ‘배임’ 혐의를 제외하고 기소하자, 야권은 22일 ‘꼬리 자르기’ 수사라고 비판하며 특...
                    ", 2021.10.22
611,정치,"청 NSC ""한반도 긴장을 고조시키는 조치 있어선 안돼""",한겨레 ,"
                        [한반도 평화] 청와대 국가안전보장회의(NSC)가 22일 북한을 향해 한반도의 긴장을 고조시키는 조처가 있어서는 안 된다는 점을 재확인했다고 밝혔다. 청와대는 이날 보...
                    ", 2021.10.22
612,정치,[갤럽] 이재명·윤석열·홍준표 바라보는 눈..모두 '비호감' 커,한겨레 ,"
                        차기 대선 주자들을 바라보는 국민들의 시선이 모두 ‘비호감’에 가까운 것으로 나타났다. 22일 여론조사업체인 한국갤럽이 지난 19∼21일 전국 성인 1000명을 대상으...
                    ", 2021.10.22
613,정치,"이재명, 5·18 묘지 전두환 비석 밟고 ""학살반란범""",한겨레 ,"
                        [2022 대선] 이재명 더불어민주당 대선 후보가 22일 광주를 찾아 윤석열 전 검찰총장의 ‘전두환 옹호’ 발언과 관련해 “전두환씨는 내란 범죄의 수괴이고, 집단학살범...
                    ", 2021.10.22
614,정치,"이낙연 ""윤석열 사과 사진, 국민 조롱인가 무감각인가""",한겨레 ,"
                        [2022 대선] 더불어민주당 대선 경선 패배 뒤 잠행하고 있는 이낙연 전 더불어민주당 대표가 22일 국민의힘 대선 주자인 윤석열 전 검찰총장의 ‘개 사과’ 사진에 대해...
                    ", 2021.10.22
615,정치,"심상정 ""사과는 개나 줘라? 윤석열, 인성 컷오프부터 통과해라""",한겨레 ,"
                        심상정 정의당 대선후보는 22일 윤석열 전 검찰총장의 에스엔에스에 ‘개 사과’ 사진이 올라온 것에 대해 “역사 무지를 넘어 스스로 윤두환이 되어 광주정신을 우롱하...
                    ", 2021.10.22
616,정치,"김부겸 ""백신 접종 완료자 중심으로 방역기준 완화""",한겨레 ,"
                        [코로나19 세계 대유행] 김부겸 국무총리는 22일 “일상회복의 초기 단계에서는 백신 접종 완료자를 중심으로 방역기준이 완화돼야 한다”며 단계적 일상회복 이행을 위...
                    ", 2021.10.22
617,정치,'전두환 망언' 유감이라더니 '개에게 사과 주는 사진' 올린 윤석열 캠프,한겨레 ,"
                        ‘전두환 옹호’ 발언으로 논란을 빚은 윤석열 전 검찰총장이 ‘유감 표명’ ‘송구’ 메시지를 낸 직후 에스엔에스에 ‘개에게 사과를 먹이려는 사진’을 올렸다가 삭...
                    ", 2021.10.22
618,정치,'전두환' '대장동' '고발사주' 키워드로 공세 강화하는 민주당,한겨레 ,"
                        이재명 후보가 나선 경기도 국정감사를 마친 더불어민주당이 방어에서 공격으로 태세를 전환했다. 윤호중 민주당 원내대표는 21일 국감대책회의에서 “전두환의 정치와 ...
                    ", 2021.10.22
619,정치,"정의용 ""일본이 화해·치유재단 출연 잔액 56억 사용 반대""",한겨레 ,"
                        정의용 외교부 장관이 21일 2015년 한-일 정부 간 ‘위안부’ 합의에 따라 일본 정부가 출연한 기금(10억엔) 중 잔액(56억원)을 피해자 기념사업에 사용하는 것을 “일...
                    ", 2021.10.21
620,정치,[공덕포차]극우본능? 윤석열의 '전두환 망언' 그리고 대장동,한겨레 ,"
                        [시사맛집 공덕포차 시즌3] “호남 분들도 전두환 정치 잘했다고 한다 ” 정치권을 흔든 윤석열 후보의  ‘역대급 망언 ’ 극우본능인가 ? 실언인가 ? 하루 동안 버티다...
                    ", 2021.10.21
621,정치,"""지구촌 위기 '김대중 정신'에서 해법 찾을 수 있죠""",한겨레 ,"
                        “김대중 대통령은 인간과 자연의 존엄과 상생을 중시한 지도자였습니다. 김 대통령은 인류의 생명권과 평화에 대한 권리뿐만 아니라 어머니 지구와 자연의 생명권을 중...
                    ", 2021.10.21
622,정치,"문 대통령 ""훌륭한 성과..궤도 안착은 미완의 과제""",한겨레 ,"
                        문재인 대통령이 21일 한국형 발사체 누리호 발사 뒤 “아쉽게도 목표에 완벽하게 이르지는 못했지만 첫번째 발사로 매우 훌륭한 성과를 거뒀다”면서 “더미 위성을 궤...
                    ", 2021.10.21
623,정치,"정의용 ""우리 SLBM, 북한보다 월등히 우세""",한겨레 ,"
                        정의용 외교부 장관은 19일 북한의 잠수함발사탄도미사일(SLBM) 시험발사에 대한 정부의 대응이 안이하다는 야당 의원들의 지적에 “우리 정부가 성공한 에스엘비엠은 ...
                    ", 2021.10.21
624,정치,"이틀 지나 '전두환 망언' 찔끔 사과..윤석열 캠프도 ""답답하다""",한겨레 ,"
                        윤석열 전 검찰총장이 21일 ‘전두환 옹호’ 발언에 대해 “송구하다”고 밝혔다. 전날까지 ‘발언을 곡해하지 말라’며 사과할 뜻이 없음을 나타냈던 윤 전 총장은 이...
                    ", 2021.10.21
625,정치,"'전두환 망언' 사과 요구에..윤석열 인스타 ""사과 가장 좋아해""",한겨레 ,"
                        ‘전두환 옹호’ 발언으로 파문을 일으키며 ‘사과하라’는 압박을 받던 윤석열 전 검찰총장의 개인 에스엔에스(SNS)에 “과일 중에 사과를 좋아한다”는 글을 올려 뒷...
                    ", 2021.10.21
626,정치,"홍준표 ""김건희 주식계좌 일부만 공개, 국민 의혹 증폭시켰다""",한겨레 ,"
                        국민의힘 대선주자인 윤석열 전 검찰총장과 홍준표 의원이 윤 전 총장 부인 김건희씨의 도이치모터스 주가조작 연루 의혹과 관련된 ‘주식 계좌 내역’을 놓고 공방을 ...
                    ", 2021.10.21
627,정치,"이재명, 국감 '선방'했다지만..민주당 안팎 ""반전까진 역부족""",한겨레 ,"
                        이재명 더불어민주당 대선 후보가 두 차례의 ‘대장동 국정감사’를 ‘선방’했지만, 이를 반전의 계기로 삼기에는 부족했다는 평가가 당 안팎에서 나오고 있다. 국감 ...
                    ", 2021.10.21
628,정치,"문 대통령 ""청년 학자금·금융권 대출로 연체된 빚 조정해줘야""",한겨레 ,"
                        문재인 대통령이 코로나19로 인해 취업이 어려워진 청년들이 학자금과 금융권 대출을 한꺼번에 감당해야 하는 상황이 벌어지는 것과 관련해 채무조정 방안을 모색하라고...
                    ", 2021.10.21
629,정치,"[전국지표조사]이재명 35%-윤석열 34%, 이재명 35%-홍준표 32%",한겨레 ,"
                        차기 대선 가상대결 여론조사 결과 더불어민주당 대선후보인 이재명 경기지사가 국민의힘 대선 주자인 윤석열 전 검찰총장과 홍준표 의원과 오차범위 내에서 접전을 벌...
                    ", 2021.10.21
630,정치,"'전두환 망언' 사과 대신 ""유감"" 밝힌 윤석열 ""비판 겸허히 수용""",한겨레 ,"
                        윤석열 전 검찰총장이 ‘전두환 옹호 발언’과 관련해 “부적절했다는 비판을 겸허히 수용하고 유감을 표한다”고 고개를 숙였다. 지난 19일 부산에서 “전두환 대통령...
                    ", 2021.10.21
631,정치,"이준석, '전두환 망언' 윤석열에 ""정치인은 고민해서 발언해야""",한겨레 ,"
                        이준석 국민의힘 대표가 “전두환 대통령이 쿠데타와 5·18 빼고 정치는 잘했다”고 ‘전두환 옹호 발언’을 한 윤석열 전 검찰총장을 향해 “정치인은 고민해서 발언해...
                    ", 2021.10.21
632,정치,"김재원 ""문재인 대통령, 전두환에게 배워라""..윤석열 엄호 나서",한겨레 ,"
                        김재원 국민의힘 최고위원이 21일 “부동산 정책과 원전 정책 두가지만은 문재인 대통령이 적어도 전두환 전 대통령한테 배웠으면 좋겠다”고 말했다. 윤 전 총장의 ‘...
                    ", 2021.10.21
633,정치,"북 ""SLBM는 국가방위 차원의 시험발사""..미국 반응에 '매우 우려'",한겨레 ,"
                        북한이 19일 신형 잠수함발사탄도미사일(SLBM) 시험발사는 “미국을 의식하거나 겨냥한 것이 아니고 순수 국가 방위를 위해 이미 전부터 계획된 사업”이라며, 유엔 안...
                    ", 2021.10.21
634,정치,"문재인 대통령, 첨단무기 행사 참석..한달 새 3번째",한겨레 ,"
                        문재인 대통령이 20일 전투기를 타고 경기도 성남 서울공항에 마련된 ‘서울 국제 항공우주 및 방위산업 전시회’ 개막 기념행사장에 참석했다. 지난달 15일 잠수함발사...
                    ", 2021.10.20
635,정치,"북 ""새 SLBM 성공"" 김정은 불참..대미 '수위조절' 흔적",한겨레 ,"
                        조선민주주의인민공화국 국방과학원은 “19일 신형 잠수함발사탄도탄 시험발사를 진행했다”고 20일 <노동신문>이 2면 머리기사로 보도했다. 김정은 조선노동당 총비서 ...
                    ", 2021.10.20
636,정치,"국감 마친 이재명, 경기지사 사퇴 언제쯤?",한겨레 ,"
                        두차례의 국정감사를 마무리한 이재명 더불어민주당 대선 후보가 지사직 사퇴 초읽기에 들어갔다. 이번주 말이나 다음주 초께 사퇴할 것이란 예측이 나온다. 송영길 민...
                    ", 2021.10.20
637,정치,이재명-심상정 대선후보 '대장동 격돌',한겨레 ,"
                        더불어민주당 대선 후보인 이재명 경기지사와 정의당 대선 후보인 심상정 의원이 국정감사장에서 ‘대장동 의혹’을 놓고 공방을 벌였다. 국회 국토교통위원인 심 의원...
                    ", 2021.10.20
638,정치,"이재명 ""유동규 임명 기억안나, 환수조항은 간부들이 미채택""",한겨레 ,"
                        20일 국회 국토교통위원회의 경기도 국정감사에서는 대장동 개발 초과이익 환수 조항이 쟁점이었다. 국민의힘은 “(환수 조항을 추가하자는) 직원 건의를 받아들이지 않...
                    ", 2021.10.20
639,정치,"""고발사주 관여 안한 게 확인돼"" 윤석열 캠프의 아전인수",한겨레 ,"
                        윤석열 캠프가 ‘고발 사주’ 의혹의 핵심 당사자인 김웅 국민의힘 의원과 조성은 전 미래통합당 선거대책위원회 부위원장 사이 통화 내용이 공개되자 “윤 전 총장이 ...
                    ", 2021.10.20
640,정치,"홍·유 ""5공독재 모르나""-윤 ""발언잘라 왜곡해 추궁""",한겨레 ,"
                        20일 열린 국민의힘 대선 경선 5차 대구·경북 티브이(TV) 토론회에선 윤석열 전 검찰총장의 ‘전두환 두둔 발언’과 역사인식이 도마에 올랐다. 유승민 전 의원은 이날...
                    ", 2021.10.20
641,정치,윤석열 '전두환 망언'에..국민의힘 전전긍긍,한겨레 ,"
                        국민의힘 안에서 “쿠데타와 5·18만 빼면 정치는 잘했다”고 한 윤석열 전 검찰총장의 ‘전두환 망언’ 탓에 ‘호남 동행’ 노력이 물거품이 되는 것 아니냐는 탄식이 ...
                    ", 2021.10.20
642,정치,"""전두환도 벤치마킹하겠다""며 한술 더 뜬 윤석열",한겨레 ,"
                        ‘전두환 옹호’ 발언으로 논란을 일으킨 윤석열 전 검찰총장이 20일에도 “어떤 정부 어느 정권에서든 효과를 나타낸 것이 있다면 뭐든지 벤치마킹해서 국민을 위해 써...
                    ", 2021.10.20
643,정치,"[공덕포차] ""검찰의 칼날, 윤석열에게 더 세게 들어갈 수도""",한겨레 ,"
                        [시사맛집 공덕포차 시즌3] 윤석열 본인, ‘고발사주’ 의혹! 윤석열 장모, ‘요양급여 부정수급’ 의혹! 윤석열 처, ‘주가조작’ 의혹! 윤석열 후보를 향한 검찰의 칼...
                    ", 2021.10.20
644,정치,"이재명, 유동규 임명 ""기억 안 나""..환수 조항 ""간부들이 미채택""",한겨레 ,"
                        20일 열린 국회 국토교통위원회의 경기도 국정감사에서 야당은 ‘대장동 개발’ 당시 초과이익환수 조항이 도입되지 않은 배경을 놓고 이재명 경기지사를 거세게 몰아붙...
                    ", 2021.10.20
645,정치,"국감 마친 이재명, 지사직 사퇴 초읽기",한겨레 ,"
                        20일 국정감사를 마무리한 이재명 더불어민주당 대선후보의 경기지사직 사퇴가 초읽기에 들어갔다. 사퇴 시점으로는 이번주 말이나 다음주 초가 거론된다. 민주당 지도...
                    ", 2021.10.20
646,정치,"TV토론 '전두환 옹호 발언' 협공에 윤석열 ""앞뒤 잘라 곡해한 것""",한겨레 ,"
                        20일 열린 국민의힘 대선 경선 5차 대구·경북 티브이(TV) 토론회에선 윤석열 후보의 ‘전두환 옹호 발언’이 도마에 올랐다. 홍준표·유승민 후보는 윤 후보의 비뚤어...
                    ", 2021.10.20
647,정치,"문 대통령, 전투기 타고 방위산업전시회행..군비경쟁 비칠라",한겨레 ,"
                        문재인 대통령은 20일 경기도 성남 서울공항에서 열린 ‘서울 국제 항공우주 및 방위산업 전시회(서울 아덱스 2021)’ 개막 행사에 참석해 “2030년대 초까지 전투기를 ...
                    ", 2021.10.20
648,정치,"김 총리 ""독도 북동쪽 어선 전복 사고..인명 구조 최선 다할 것""",한겨레 ,"
                        김부겸 국무총리는 20일 오전 경북 울릉군 독도 북동쪽에서 발생한 어선 전복 사고와 관련해 “인명 구조에 최선을 다하라”며 긴급지시를 내렸다. 김 총리는 “해양수...
                    ", 2021.10.20
649,정치,"""호남 화나라고 한 얘기 아냐""..잘못 없다는 윤석열 '점입가경'",한겨레 ,"
                        ‘전두환 옹호’ 발언으로 논란을 일으킨 윤석열 전 검찰총장이 20일에도 “어떤 정부 어느 정권에서든 효과를 나타낸 것이 있다면 뭐든지 벤치 마킹해서 국민의 위해 ...
                    ", 2021.10.20
650,정치,"윤석열 '전두환 옹호' 발언, 국민의힘 '서진정책'에 찬물",한겨레 ,"
                        윤석열 전 검찰총장의 ‘전두환 옹호 발언’으로 국민의힘의 ‘호남 서진정책’이 물거품이 됐다는 탄식이 나오고 있다. 대선이 5개월도 채 남지 않은 상황에서 전국정...
                    ", 2021.10.20
651,정치,"대선후보 이재명과 심상정, 국감장 '대장동 대격돌'",한겨레 ,"
                        더불어민주당 대선후보인 이재명 경기지사와 정의당 대선후보인 심상정 의원이 국정감사장에서 ‘대장동 의혹’을 놓고 공방을 벌였다. 국회 국토교통위원인 심 의원의 ...
                    ", 2021.10.20
652,정치,"윤석열 쪽, 김웅 통화내용 공개에 ""윤 전 총장 시키지 않은 점 명백"" 아전인수",한겨레 ,"
                        윤석열 캠프가 ‘고발 사주’ 의혹의 핵심 당사자인 김웅 국민의힘 의원과 조성은 전 미래통합당 선거대책위원회 부위원장 사이 통화 내용이 공개되자 “윤 전 총장이 ...
                    ", 2021.10.20
653,정치,"국방부 ""변희수 하사 '부당 전역' 판결 항소""..청와대 부정적 기류",한겨레 ,"
                        국방부는 20일 고 변희수 전 하사의 강제 전역 처분이 부당하다고 본 법원 1심 판결에 대해 “1심 법원의 판결을 존중하며, 상급 법원의 판단을 받아볼 필요가 있어 법...
                    ", 2021.10.20
654,정치,"청 ""집회 자유 보장해야 하지만..대승적 차원에서 파업 자제 요청""",한겨레 ,"
                        청와대가 20일 전국민주노동조합총연맹(민주노총)이 총파업에 들어간 것에 대해 방역 상황과 관련지어 안타깝다는 반응을 내놨다. 청와대 핵심관계자는 이날 기자들과 ...
                    ", 2021.10.20
655,정치,"북, 기존 잠수함서 전술탄도미사일 발사..'수위조절' 고심 흔적",한겨레 ,"
                        조선민주주의인민공화국 국방과학원은 “19일 신형 잠수함발사탄도탄 시험발사를 진행했다”고 20일 <노동신문>이 2면 머리기사로 보도했다. 김정은 조선노동당 총비서 ...
                    ", 2021.10.20
656,정치,"송영길 ""검찰 쿠데타 윤석열, 군사 쿠데타 전두환과 쌍둥이처럼 닮아""",한겨레 ,"
                        더불어민주당이 “전두환 전 대통령이 쿠데타와 5·18만 빼면 정치 잘했다”고 주장한 윤석열 전 검찰총장을 향해 “이완용이 나라 팔아먹은 것을 빼면 정치 잘했다는 ...
                    ", 2021.10.20
657,정치,"심상정 ""설계한 자=죄인"" vs 이재명 ""공공환수 설계한 착한사람""",한겨레 ,"
                        [대장동 개발사업 논란] 20일 열린 국회 국토교통위원회의 경기도 국정감사에서 더불어민주당 대선 후보인 이재명 경기지사와 정의당 대선후보인 심상정 의원이 ‘대장...
                    ", 2021.10.20
658,정치,"북 SLBM 발사에..정의용 ""북한이 대화 응하면 제재 완화 검토""",한겨레 ,"
                        정의용 외교부 장관이 20일 북한이 대화에 응해야 대북 제재 완화를 검토할 수 있다고 밝혔다. 정 장관은 이날 오전 국회 외교통일위원회 외교부 국정감사에서 태영호 ...
                    ", 2021.10.20
659,정치,"김웅의 '선택적 기억' ..""'저희'가 검찰은 아니야""",한겨레 ,"
                        윤석열 검찰총장 시절 검찰의 ‘고발 사주’ 의혹 핵심인물인 김웅 국민의힘 의원이 지난해 조성은 전 미래통합당 선거대책위원회 부위원장과의 통화에서 고발장 작성의...
                    ", 2021.10.20
660,정치,"민주당 ""고발 사주 녹음서 선거개입 드러나""..김웅·정점식 제명 추진",한겨레 ,"
                        [윤석열 검찰 ‘고발 사주’ 의혹] 더불어민주당이 ‘고발 사주’ 의혹의 제보자 조성은씨와 국민의힘 김웅 의원 간 통화 음성이 공개되자, 의혹의 핵심 인물인 김웅·...
                    ", 2021.10.20
661,정치,"박찬대 민주당 의원 ""윤석열은 21세기 법복 입은 전두환""",한겨레 ,"
                        이재명 캠프 수석대변인이었던 박찬대 더불어민주당 의원이 ‘전두환 옹호’ 발언으로 파문을 일으킨 윤석열 전 검찰총장을 향해 ‘21세기 법복 입은 전두환’이라고 비...
                    ", 2021.10.20
662,정치,"윤석열 '전두환 옹호 발언'..특보 ""부적절한 표현 면구스럽다""",한겨레 ,"
                        윤석열 전 검찰총장의 전두환 두둔 발언에 대해 캠프 내부에서도 부적절했다는 지적이 나왔다. 김경진 대외협력특보는 20일 <시비에스>(CBS) ‘김현정의 뉴스쇼’ 인터...
                    ", 2021.10.20
663,정치,"'망언 뒤 변명' 되풀이하는 윤석열, ""전두환 인재 기용 강조한 것""",한겨레 ,"
                        윤석열 전 검찰총장이 20일 자신의 ‘전두환 옹호’ 발언에 대해 “어제 하고자 했던 말씀은 대통령이 되면 각 분야 전문가 등 인재를 적재적소에 기용해서 제 역량을 ...
                    ", 2021.10.20
664,정치,[생중계 국감] '대장동 2차전' 이재명 경기지사 vs 국민의힘,한겨레 ,"
                        [대장동 개발사업 논란]더불어민주당 대선 후보로 선출된 이재명 경기도지사가 지난 18일 국회 행정안전위원회의 경기도청 대상 국정감사에 이어 20일 오전 10시 열리는...
                    ", 2021.10.20
665,정치,"북 ""신형 SLBM 발사 성공""..김정은 불참한 이유는",한겨레 ,"
                        조선민주주의인민공화국 국방과학원은 19일 신형 잠수함발사탄도탄 시험발사를 진행했다고 20일 <노동신문>이 2면 머리기사로 보도했다. 김정은 조선노동당 총비서 겸 ...
                    ", 2021.10.20
666,정치,"서욱 국방장관 ""변희수 하사 강제전역 부당"" 판결 항소 뜻 비쳐 파장",한겨레 ,"
                        서욱 국방부 장관이 고 변희수 전 하사의 강제 전역 처분이 부당하다고 본 법원 1심 판결에 대해 항소할 뜻을 내비쳤다. 서 장관은 19일 국회 법제사법위원회의 군사법...
                    ", 2021.10.19
667,정치,"광주 오월단체 ""윤석열, 전두환 비호 망언 사죄하라""",한겨레 ,"
", 2021.10.19
668,정치,"청, 종전선언 논의 국면에 '곤혹'..북, SLBM 추정 발사 왜?",한겨레 ,"
                        북한이 19일 전략무기인 잠수함발사탄도미사일(SLBM) 추정 미사일을 발사하면서, 북의 의도와 배경에 관심이 모아진다. 특히 문재인 대통령의 종전선언 제안을 놓고 주...
                    ", 2021.10.19
669,정치,탈북 모자 죽음 뒤 전수조사 허술..'전화번호 결번' 6%→83%,한겨레 ,"
                        통일부가 지난 2019년 8월 북한 이탈주민 모자가 ‘아사’한 뒤 취약계층 전수조사에 나섰지만 대부분 전화번호 결번 등 조사는 주먹구구식으로 진행되는 것으로 드러났...
                    ", 2021.10.19
670,정치,"북, SLBM 추정 단거리 탄도미사일 발사",한겨레 ,"
                        북한이 19일 잠수함발사탄도미사일(SLBM)으로 추정되는 단거리 탄도미사일을 발사했다. 전장의 판도를 바꾸는 ‘게임체인저’로 불리는 전략무기인 에스엘비엠을 북한이...
                    ", 2021.10.19
671,정치,"김용판 '가짜 뇌물 사진'에..여야, 대장동 의혹 '공수교대'",한겨레 ,"
                        더불어민주당이 옛 조직폭력배의 과거 ‘돈자랑’ 사진을 활용해 이재명 더불어민주당 후보와 조폭 연루설을 제기한 국민의힘에 “공작정치의 끝판”이라고 맹공을 퍼부...
                    ", 2021.10.19
672,정치,"윤석열 ""4연패 주역"" 겨냥하자, 홍 ""문재인 앞잡이가 할말인가""",한겨레 ,"
", 2021.10.19
673,정치,"이재명에 설욕 벼르지만..야당 ""이렇게 못할 수가"" 탄식",한겨레 ,"
                        ‘대장동 의혹 청문회’로 치러진 경기도 국정감사가 이재명 경기지사의 판정승으로 판가름나면서 국민의힘 내부에서 탄식이 흘러나오고 있다. 국민의힘은 오는 20일 진...
                    ", 2021.10.19
674,정치,"여야 비난 쏟아져도..윤석열 ""전두환에 배울 점 있다"" 강변",한겨레 ,"
                        국민의힘 대선주자인 윤석열 전 검찰총장이 19일 “전두환 전 대통령이 군사 쿠데타와 5·18만 빼면 정치는 잘했다고 말하는 호남 분들이 많다”며 전씨를 두둔해 파문...
                    ", 2021.10.19
675,정치,"NSC ""북한의 미상 단거리 탄도미사일 발사..깊은 유감""",한겨레 ,"
                        [북, 미사일 발사] 청와대 국가안전보장회의(NSC) 상임위원회가 19일 북한의 미사일 발사에 따라 긴급회의를 열고 북한에 깊은 유감을 표했다. 청와대는 이날 보도자료...
                    ", 2021.10.19
676,정치,"'조폭 뇌물' 사진 후폭풍..민주당 ""국회의원 자격 없어, 윤리위 회부할 것""",한겨레 ,"
                        [대장동 개발사업 논란] 더불어민주당이 전날(18일) 국회 행정안전위원회 경기도 국정감사에서 ‘조폭 뇌물 사진’을 제시해 ‘허위 논란’을 빚은 김용판 국민의힘 의...
                    ", 2021.10.19
677,정치,"[예언해줌]민주당, 대장동 출구전략 성공할까..'이재명vs국힘' 국감 리턴매치 승자는?",한겨레 ,"
                        [it슈 예언해줌] 이번 주 완터치 3K쇼 뉴스 ‘예언해줌 라이브’는 이른바 ‘대장동 특혜 의혹’ 사건을 두고 이재명 경기도지사와 국민의힘의 정면충돌이 예상됐으나 ...
                    ", 2021.10.19
678,정치,"국힘 ""진술서 위조 가능성 없다""면서 '돈뭉치 사진'엔 침묵",한겨레 ,"
", 2021.10.19
679,정치,"유인태 ""대장동 의혹, 결국 특검으로 갈 수밖에 없다""",한겨레 ,"
                        유인태 전 국회사무총장이 ‘대장동 개발 의혹’과 관련해 “결국은 특검으로 갈 수밖에 없다”고 말했다. 유인태 전 총장은 19일 <한국방송>(KBS) 라디오 ‘최경영의 ...
                    ", 2021.10.19
680,정치,"합참 ""북, 동해상 미상 탄도미사일 발사""",한겨레 ,"
                        북한이 19일 오전 동해상으로 탄도미사일을 발사했다고 합동참모본부가 밝혔다. 합참은 이날 오전 국방부 출입기자들에게 보낸 문자 메시지를 통해 “이날 오전 10시17...
                    ", 2021.10.19
681,정치,"김부겸 ""민주노총 방역 무력화 집회시 책임 물을 것""",한겨레 ,"
                        [코로나19 세계 대유행] 김부겸 국무총리가 오는 20일 총파업을 예고한 전국민주노동조합총연맹(민주노총)을 향해 “지금이라도 총파업을 철회해달라”고 촉구했다. 김 ...
                    ", 2021.10.19
682,정치,"'의혹 재탕' 으로 끝난 대장동 국감..국힘, 한방 없이 무딘 공세",한겨레 ,"
                        더불어민주당 대선 후보인 이재명 경기지사는 18일 자신이 ‘대장동 설계자’라며 정면돌파 의지를 보였다. 사실상 ‘대선 전초전’ 내지 ‘이재명 청문회’로 치러진 ...
                    ", 2021.10.18
683,정치,①그분 ②초과이익 환수 ③유동규..대장동 3대 쟁점 격렬 공방,한겨레 ,"
                        [대장동 개발사업 논란] 18일 국회 행정안전위원회의 경기도 국정감사는 사실상 이재명 더불어민주당 대선후보의 ‘대장동 의혹 청문회’로 진행됐다. 국민의힘은 이 후...
                    ", 2021.10.18
684,정치,"'조폭 뇌물' 증거라던 사진 '가짜'로..이재명 ""이런 코미디 없다""",한겨레 ,"
                        [2022 대선] 이재명 더불어민주당 후보가 조직 폭력 인사로부터 받은 뇌물 사진이라며 김용판 국민의힘 의원이 18일 국정감사 도중 공개한 사진이 ‘가짜’ 논란에 휩싸...
                    ", 2021.10.18
685,정치,"[공덕포차] ""윤석열의 바닥이 드러날 것이다""",한겨레 ,"
                        [시사맛집 공덕포차 시즌3] 윤석열의 바닥을 드러내는 방법이 있다 ? 1위 주자 윤석열 후보를 향한 홍준표 ·유승민 두 후보의 거센 공격 ! 그러나 아직 2%가 부족하다 ...
                    ", 2021.10.18
686,정치,"이재명 ""국감 통해 실체 대부분 드러나.. 유동규는 깊이 사과""",한겨레 ,"
                        [대장동 개발사업 논란] 더불어민주당 대선 후보인 이재명 경기지사가 18일 국회 행정안전위원회의 경기도 국정감사를 마치고 “다행히 국감을 통해서 실체가 대부분 드...
                    ", 2021.10.18
687,정치,"윤석열 캠프 주호영 ""20·30대 예전 일 기억 못해""..청년 비하 논란",한겨레 ,"
                        [2022 대선] 윤석열 캠프 주호영 선거대책위원장은 18일 “20·30대는 정치인들의 이전의 여러 가지 일들은 잘 기억하지 못하고 가까운 뉴스를 접하고 보는 것을 가지고...
                    ", 2021.10.18
688,정치,"이재명 ""직원 오염 사과"" ..야당 공세엔 손팻말·독설로 받아쳐",한겨레 ,"
                        18일 도지사 신분으로 경기도청 국정감사에 출석한 이재명 더불어민주당 대선후보는 ‘대장동 의혹’과 관련된 유동규 전 성남도시개발공사 기획본부장의 비위 행위와 ...
                    ", 2021.10.18
689,정치,"홍·원, 보수텃밭서 ""박근혜 수사"" 약점 공략..윤 ""정치보복 아냐""",한겨레 ,"
                        18일 부산에서 열린 국민의힘 본경선 토론회에서 홍준표 의원과 원희룡 전 제주지사가 윤석열 전 검찰총장의 박근혜 전 대통령 수사를 거론하며 ‘약점’ 공략에 나섰다...
                    ", 2021.10.18
690,정치,한국은 왜 유엔기후변화협약 당사국총회 유치를 접었나,한겨레 ,"
                        한국 정부가 2023년 제28차 유엔기후변화협약당사국총회(COP28) 유치 계획을 접고 경쟁자였던 아랍에미리트를 지지하기로 했다. 외교부는 18일 보도자료를 내어 정의용 ...
                    ", 2021.10.18
691,정치,"민주당, 재판부 사찰-수사방해 등 윤석열 '직권남용' 혐의 공수처 고발",한겨레 ,"
                        더불어민주당이 18일 윤석열 전 검찰총장을 직권남용 등의 혐의로 고위공직자범죄수사처(공수처)에 고발했다. 김용민 민주당 최고위원과 ‘고발 사주 국기문란 진상조사...
                    ", 2021.10.18
692,정치,"민주당 ""윤석열, 저축은행 대장동 대출 부실수사"" ..윤 ""물귀신이냐""",한겨레 ,"
                        더불어민주당이 대장동 특혜 개발 의혹을 ‘이재명 게이트’로 규정한 야당에 맞서 윤석열 전 검찰총장 책임론을 본격적으로 제기하고 나섰다. 부산저축은행 불법대출 ...
                    ", 2021.10.18
693,정치,"'조폭 연루설' 등 꺼낸 야당에 이재명 ""면책특권에 숨지 말라""",한겨레 ,"
                        국민의힘은 18일 열린 경기도 국정감사에서 더불어민주당 대선주자인 이재명 경기지사를 향한 전방위적 의혹을 제기하며 소나기 펀치를 퍼부었다. 야당이 ‘대장동 의혹...
                    ", 2021.10.18
694,정치,"문 대통령 ""온실가스 감축은 국가의 명운이 걸린 일""",한겨레 ,"
                        문재인 대통령이 온실가스를 2030년까지 2018년 배출량 대비 40% 감축하는 ‘2030 온실가스감축목표(NDC) 상향안’을 사실상 확정하면서 “국가의 명운이 걸린 일”이라...
                    ", 2021.10.18
695,정치,"국힘 대선주자들 ""적반하장, 꼬리 자르기""..국감 나온 이재명에 공세",한겨레 ,"
                        [2022 대선] 이재명 경기지사가 국정감사에 출석해 사실상의 대선후보 청문회가 연출된 18일 국민의힘 대선주자들은 “적반하장, 꼬리 자르기식 국감”이라며 이 지사를...
                    ", 2021.10.18
696,정치,"""보수의 악성종양""..이준석이 '역선택 주장'을 강하게 비판했다",한겨레 ,"
                        [2022 대선] 이준석 국민의힘 대표는 18일 예비경선 과정에서 당 내홍까지 벌어졌던 여권 지지층의 ‘역선택 논란’에 대해 “보수의 악성종양 같은 문제”라고 밝혔다....
                    ", 2021.10.18
697,정치,북한 목함지뢰 찾는 새 탐지기 양산..민간인 피해도 막아,한겨레 ,"
                        방위사업청은 18일 북한 목함지뢰 등 비금속 지뢰까지 찾을 수 있는 신형 지뢰탐지기(지뢰탐지기-II) 전력화를 위하여 한화시스템과 양산 계약을 체결했다고 밝혔다. 현...
                    ", 2021.10.18
698,정치,"[포토] ""공수처, 고발사주 수사 속도내야""..민주당 윤석열 별도 고발장",한겨레 ,"
                        더불어민주당이 윤석열 전 검찰총장을 고위공직자범죄수사처에 고발했다. 18일 오후 정부과천청사에 모인 박주민 ‘총선개입 국기문란 진상조사 태스크포스’(TF) 단장,...
                    ", 2021.10.18
699,정치,[리얼미터] '이재명 선출' 뒤 민주당 호남 지지율 13.9%p↓,한겨레 ,"
                        이재명 경기지사가 더불어민주당 대통령 후보로 공식 선출된 직후 여론조사에서 호남의 민주당 지지율이 크게 하락한 것으로 나타났다. 리얼미터가 <와이티엔>(YTN) 의...
                    ", 2021.10.18
700,정치,"국힘 ""국제마피아파한테 돈 받아""  주장에 이재명 ""무혐의 종결""",한겨레 ,"
                        국회 행정안전위원회의 18일 경기도 국정감사에서 국민의힘이 이재명 경기지사를 향해 ‘조폭으로부터 돈을 받았다’는 의혹을 제기하자 이 지사는 “무혐의 처분된 사...
                    ", 2021.10.18
701,정치,"[KSOI]이재명 32%-윤석열 32.9%, 이재명 31.5%-홍준표 27.5%",한겨레 ,"
                        야권의 ‘대장동 개발 의혹’ 공세를 받는 이재명 경기지사가 윤석열 전 검찰총장 또는 홍준표 의원과 차기 대선에서 대결할 경우 오차범위 내에서 접전을 벌일 것이라...
                    ", 2021.10.18
702,정치,"국민의힘 ""청와대보다 감옥이 가까운 '그분'""..이재명 ""돈 받은 사람이 주범""",한겨레 ,"
                        “화려한 전적이 있어도 성남시장, 경기도지사, 민주당 대선후보가 될 수 있다. 엄청난 ‘뉴노멀’이다. 그분이 청와대보다 감옥과 가까운 이유를 봐라.” (김도읍 국민...
                    ", 2021.10.18
703,정치,"문 대통령 ""얀센 백신 추가접종 계획 수립하라""",한겨레 ,"
                        문재인 대통령이 18일 코로나19 얀센백신 접종자에 대해 추가접종 계획을 조속히 수립하라고 지시했다. 문 대통령은 이날 오전 청와대 참모회의에서 얀센 백신의 효과성...
                    ", 2021.10.18
704,정치,"송영길 ""검찰 '대장동 수사' 12월 전 마무리 해야""",한겨레 ,"
                        송영길 더불어민주당 대표가 18일 검찰의 대장동 특혜개발 의혹 수사와 관련해 “대선에 본격적으로 들어가기 전에 결론을 내줘야 한다”고 말했다. 송 대표는 이날 <시...
                    ", 2021.10.18
705,정치,"이재명 ""유동규 개인적으로 배신감.. 인사권자로 깊이 사과""",한겨레 ,"
                        [대장동 개발사업 논란] 이재명 더불어민주당 대선후보가 ‘대장동 사건’으로 구속된 유동규 전 성남도시개발공사 기획본부장 관련해 “관련 공직자 일부가 오염되고 ...
                    ", 2021.10.18
706,정치,"오늘 국감, 반격 벼르는 이재명 vs '몸통' 겨누는 국민의힘",한겨레 ,"
                        18일 국회 행정안전위원회의 경기도청 국정감사를 앞두고 ‘전운’이 고조되고 있다. 이재명 더불어민주당 대선후보가 경기도지사 신분으로 국감에 증인 출석하면서, 사...
                    ", 2021.10.17
707,정치,"이재명-윤석열, 서로 ""구속 가능성"" 거론하며 대장동 전면전",한겨레 ,"
                        이재명 더불어민주당 대선후보와 국민의힘 대선주자인 윤석열 전 검찰총장이 서로를 향해 ‘구속 가능성’을 거론하며 정면 충돌했다. 이재명 후보가 ‘부산저축은행 부...
                    ", 2021.10.17
708,정치,"국민의힘 최종후보 뽑는 여론조사, 양자 가상대결? 4지선다?",한겨레 ,"
                        국민의힘 대선 본경선에 50% 비율로 반영되는 일반국민 여론조사 문항을 놓고 각 캠프 간 신경전이 고조되고 있다. 조사 질문에 따라 최종 후보를 선출하는 경선 결과가...
                    ", 2021.10.17
709,정치,"홍준표는 최재형, 윤석열은 주호영 영입..세 불리기 경쟁",한겨레 ,"
                        국민의힘 대선 경선에서 수위 싸움이 치열한 윤석열 전 검찰총장과 홍준표 의원이 서로 ‘대세’를 자임하며 세 불리기 경쟁을 본격화하고 있다. 윤 전 총장은 티케이(T...
                    ", 2021.10.17
710,정치,한-미 연쇄 고위급 협의..북한과 대화 실마리 찾을까,한겨레 ,"
                        한국과 미국의 고위급 협의가 잇따르면서 양국이 문재인 대통령이 거듭 제안한 종전선언 추진을 비롯해 북한과 대화를 재개할 실마리를 찾을지 주목된다. 러시아 방문을...
                    ", 2021.10.17
711,정치,"고위 당정청회의, 내년 대선 때까지 안 열린다",한겨레 ,"
                        청와대와 여당이 선거 중립성 논란을 고려해 ‘국정 컨트롤타워’인 고위 당정청 회의를 내년 3월 대통령 선거 때까지 중단하기로 했다. 청와대 고위 관계자는 17일 <한...
                    ", 2021.10.17
712,정치,"'전면전' 선언한 윤석열 ""이재명 패밀리 국민 약탈 막겠다""",한겨레 ,"
                        국민의힘 대선주자인 윤석열 전 검찰총장이 “이재명 패밀리의 국민 약탈을 제가 막겠다”면서 17일 이재명 더불어민주당 대선후보와의 ‘전면전’을 선언했다. 윤 전 ...
                    ", 2021.10.17
713,정치,"문 대통령 ""특성화고 현장실습 폐지는 올바른 해결방법 아냐""",한겨레 ,"
                        문재인 대통령이 전남 여수에서 특성화고 학생 홍정운군이 현장실습 중 숨진 사고와 관련해 안전에 미흡한 부분에 대해 빠르게 대책을 세우라고 지난 15일 지시했다. 박...
                    ", 2021.10.17
714,정치,"'얼자' 취급받던 이재명, 민주당과 결합할 수 있을까",한겨레 ,"
                        국회의원은 국민의 대표입니다. “정치한다”는 말은 “국회의원이 된다”는 말과 동의어로 쓰는 경우가 많습니다. 역대 대통령 중에서 국회의원을 하지 않은 사람은 세...
                    ", 2021.10.17
715,정치,"홍준표 캠프 공식 합류한 최재형 ""가치동맹으로 정권교체 이루겠다""",한겨레 ,"
                        국민의힘 대선 2차 경선에서 떨어졌던 최재형 전 감사원장이 17일 홍준표 의원 캠프에 합류해 “가치동맹을 통해 정권교체를 이루겠다”고 밝혔다. 전날 최 전 원장 집...
                    ", 2021.10.17
716,정치,"최재형, 홍준표 지지 선언 ""정권교체 위해 함께 하겠다""",한겨레 ,"
                        국민의힘 대선 2차 경선에서 떨어졌던 최재형 전 감사원장이 16일 홍준표 의원 캠프에 합류하기로 했다. 최 전 원장은 이날 서울 양천구 자택에서 홍 의원과 만나 이렇...
                    ", 2021.10.16
717,정치,[공덕포차] 국정감사의 꽃과 일타강사 이재명의 '독'무대,한겨레 ,"
                        [시사맛집 공덕포차 시즌3] 국감에서 국민의힘 의원들은 이재명 지사를 이길 수 없다!? 대장동 국감을 앞두고 열공 (?) 하고 있는 이 지사와 국민의힘 의원들! 이재명 v...
                    ", 2021.10.16
718,정치,"'대장동 특혜' 역공 나선 이재명 ""구속될 사람은 윤석열""",한겨레 ,"
                        더불어민주당 대선 후보인 이재명 경기지사가 자신을 둘러싼 ‘대장동 개발 특혜 의혹’에 대해 “아무래도 구속될 사람은 이재명이 아니라 윤석열 국민의힘 대선 경선 ...
                    ", 2021.10.16
719,정치,"이종배 ""이재명, 대장동 공문에 10번 이상 서명""..이재명 쪽 ""당연한 절차""",한겨레 ,"
                        [대장동 개발사업 논란] 더불어민주당 대선후보인 이재명 경기지사가 성남시장 시절 대장동 개발 계획과 관련한 공문에 최소 10차례 서명한 사실이 확인됐다. 국민의힘...
                    ", 2021.10.16
720,정치,[논썰] '충격의 3차 투표' 미스터리와 이재명의 '국감 돌파' 승부수,한겨레 ,"
                        안녕하세요. 한겨레 <논썰>입니다. 이재명 경기도지사가 13일 더불어민주당 대통령선거 후보 경선 최종 고비를 넘어섰습니다. 이낙연 전 대표 캠프가 중도 사퇴 후보 무...
                    ", 2021.10.16
721,정치,"홍준표 ""이재명과 피장파장"" vs 윤석열 ""정치 26년, 격 갖추라""",한겨레 ,"
                        홍준표도덕성 문제에 관해서는 역사상 가장 도덕성 없는 이재명 후보와 다를 바가 없다. 그렇게 해서 이 후보를 이길 수 있냐. 이 후보와 도덕성 문제에서 피장파장이라...
                    ", 2021.10.15
722,정치,"남욱 ""이재명 재선돼야 대장동 개발..유동규는 사장 될 것""",한겨레 ,"
                        ‘대장동 개발 의혹’의 핵심인물인 남욱 변호사가 2014년 4월 대장동 개발을 추진하면서 주민들에게 ‘이재명 시장이 재선돼야 사업 추진이 잘 된다. 유동규 본부장은 ...
                    ", 2021.10.15
723,정치,"문 대통령, 기시다 총리와 첫 통화..""강제동원 문제, 외교 해법 찾아야""",한겨레 ,"
                        문재인 대통령과 기시다 후미오 일본 총리가 15일 첫 통화에서 강제동원 피해자 배상을 둘러싼 해법 등 한일 간 현안을 논의했다. 문 대통령은 이날 저녁 6시40분부터 ...
                    ", 2021.10.15
724,정치,"문 대통령, 번스 CIA 국장 접견..""한미동맹은 우리 안보 근간""",한겨레 ,"
                        문재인 대통령이 15일 윌리엄 번스 미국 중앙정보국(CIA) 국장을 접견했다. 문 대통령의 종전선언 제안 이후 한미가 북한과의 대화 재개를 모색하는 가운데 다음 주에는...
                    ", 2021.10.15
725,정치,"5·18진상조사위 ""사망자 숫자 수정 불가피..중요 진전 있다""",한겨레 ,"
                        5·18민주화운동진상규명조사위원회(5·18진상조사위)가 “(5·18 당시) 발포 명령과 관련해 중요 진전이 있다”며 “사망자 숫자도 근본적 수정이 불가피하다”고 밝혔...
                    ", 2021.10.15
726,정치,"박근혜 지지단체들, 홍준표 지지선언..""윤석열 용서 못해""",한겨레 ,"
                        박근혜 전 대통령 지지단체들이 15일 국민의힘 대선 경선에서 홍준표 의원 지지를 선언했다. 경쟁자인 윤석열 전 검찰총장을 겨냥해서는 박 전 대통령 탄핵 책임 등을 ...
                    ", 2021.10.15
727,정치,"[예언해줌] '대장동 논란', 이재명 어떻게 풀어야? 윤석열 후보별 경선 전략?",한겨레 ,"
                        이번 주 완터치 3K쇼 뉴스 ‘예언해줌 라이브’ 요약본은 경쟁 상대였던 이낙연 후보의 찜찜한 승복 선언 끝에 더불어민주당 대선 후보로 확정된 이재명 후보, 그리고 ...
                    ", 2021.10.15
728,정치,"국민의힘, 김만배 영장 기각에 ""'철저' 빼고 '신속'만 따르려다 난 사고""",한겨레 ,"
                        국민의힘이 화천대유 대주주인 김만배씨의 구속영장이 기각된 것을 두고 15일 “문재인 대통령의 ‘신속’ 지시 따르려다 난 사고” “검찰의 수사쇼”라며 비판했다. ...
                    ", 2021.10.15
729,정치,"이재명은 설훈 포옹, 송영길은 사과.. '이낙연 달래기' 올인",한겨레 ,"
                        [2022 대선] 더불어민주당 이재명 대선후보와 지도부가 ‘원팀 선거대책위’ 구성을 위해 이낙연 전 대표 달래기에 나섰다. 이 전 대표 지지자들을 향해 “일베와 다를 ...
                    ", 2021.10.15
730,정치,[갤럽] 문 대통령 지지도 36%..'콘크리트 지지' 40대 50% 밑으로,한겨레 ,"
                        문재인 대통령의 국정수행 지지도가 2주 연속 소폭 하락세를 보이며 36%를 기록했다. 20대 지지도가 20%대로 가장 낮았고, ‘콘크리트 지지층’이라고 불렸던 40대의 지...
                    ", 2021.10.15
731,정치,한미일 18·19일 워싱턴서 북핵 협의..한러 이어 연쇄 협의,한겨레 ,"
                        한국과 미국, 일본의 북핵수석대표가 한 달여 만에 미국 워싱턴에서 다시 모여 한반도 비핵화와 평화 문제를 협의한다. 노규덕 한반도평화교섭본부장은 오는 16~19일 워...
                    ", 2021.10.15
732,정치,"AZ 맞았던 문 대통령, 화이자로 '부스터샷' 접종",한겨레 ,"
                        [코로나19 백신 접종] 문재인 대통령이 이달 말 국외순방을 앞두고 15일 코로나19 백신 ‘부스터샷’을 맞았다. 2차 접종 이후 168일 만이다. 문 대통령은 이날 오전 국...
                    ", 2021.10.15
733,정치,"송영길, 이낙연 지지자에 ""일베와 다를 것 없다"" 발언 사과",한겨레 ,"
                        이낙연 전 대표 지지자들을 ‘일베’라고 표현한 송영길 더불어민주당 대표가 “상처받으신 분들에게 깊이 사과드린다”고 고개를 숙였다. 이 전 대표의 경선 승복 이후...
                    ", 2021.10.15
734,정치,"이재명 ""'정직 2개월' 윤석열, 후보 사퇴·정치활동 중단 선언하라""",한겨레 ,"
", 2021.10.15
735,정치,"김부겸 ""18일부터 최대 수도권 8명·비수도권 10명 모임 가능""",한겨레 ,"
                        오는 18일부터 사적 모임 인원제한이 완화된다. 저녁 6시 전후 구분 없이 거리두기 4단계 지역에서는 최대 8명, 3단계 지역에서는 최대 10명까지 모임을 가질 수 있다. ...
                    ", 2021.10.15
736,정치,미국 주도 랜섬웨어 대응 회의..한국  등 30개국 참석,한겨레 ,"
                        정부가 러시아, 중국, 북한 등의 랜섬웨어에 대응하기 위해 미국 정부 주도로 열린 회의에 참여해 공조 방안을 논의했다. 외교부는 15일 보도자료를 내어 이충면 국제안...
                    ", 2021.10.15
737,정치,"""정신머리"" ""버르장머리"" ""뵈는게 없나""..윤석열발 진흙탕 싸움",한겨레 ,"
                        국민의힘 대선주자인 윤석열 전 검찰총장이 자신을 향한 경쟁 주자들의 검증 공세에 “이런 정신머리부터 바꾸지 않으면 우리 당은 없어지는 게 맞다”고 비판한 것을 ...
                    ", 2021.10.14
738,정치,"민주당 ""국기문란 심판..후보 사퇴""..윤 캠프 ""법과 상식 반하는 판결""",한겨레 ,"
                        법원이 14일 윤석열 전 검찰총장에 대한 법무부의 ‘정직 2개월’ 징계가 정당했다는 판결을 내리자 더불어민주당은 “윤 전 총장의 대선 출마 명분이 사라졌다”며 후...
                    ", 2021.10.14
739,정치,[공덕포차 시즌3 ep02] '스파이 논란'에 빠진 윤석열과 대장동에 빠진 이재명,한겨레 ,"
                        [시사맛집 공덕포차 시즌3] “ 당 선배들이 민주당과 손잡고 날 공격한다 ” “ 이런 정신머리 바꾸지 않으면 우리 당은 없어져야 ” 당내 후보들의 집중 견제에 윤석열...
                    ", 2021.10.14
740,정치,"여당, '윤석열 징계 정당' 판결에 ""명분 사라져..후보 사퇴하라""",한겨레 ,"
                        법원이 14일 윤석열 전 검찰총장에 대한 법무부의 ‘정직 2개월’ 징계가 정당했다는 판결을 내리자 더불어민주당은 “윤 전 총장의 대선 출마 명분이 사라졌다”며 후...
                    ", 2021.10.14
741,정치,군납 식자재..50년만에 수의계약 →경쟁계약 전환,한겨레 ,"
                        농·수·축협과 수의계약으로 이뤄지던 군 부대 식당 주요 식자재 공급이 2025년부터 경쟁계약 방식으로 바뀐다. 정부는 14일 이런 내용을 뼈대로 하는 군 급식 개선 종...
                    ", 2021.10.14
742,정치,대선후보 '컨벤션 효과' 못 누린 이재명..시작부터 빨간불,한겨레 ,"
                        이재명 더불어민주당 대선후보가 후보 확정 뒤 실시된 첫 양자 대결 여론조사에서 하락세를 보였다. 대선후보 확정에 따른 ‘컨벤션 효과’를 전혀 누리지 못한 ‘불안...
                    ", 2021.10.14
743,정치,"NSC ""대북 대화 조속한 재개 위한 방안 강구""",한겨레 ,"
                        청와대는 14일 유영민 비서실장 주재로 국가안전보장회의(NSC) 상임위원회를 열고 남북 통신연락선 복원 이후 대북 대화의 조속한 재개와 협의 진전을 위한 방안을 지속...
                    ", 2021.10.14
744,정치,이재명 국감 출석..'위험한 승부수' 약일까 독일까,한겨레 ,"
                        오는 18일과 20일 이재명 민주당 대선후보의 국정감사 출석을 앞두고 더불어민주당과 이 후보가 방어 태세 점검에 들어갔다. 민주당은 ‘팀 플레이’로 이 후보 엄호에 ...
                    ", 2021.10.14
745,정치,군사안보지원사령관에 ROTC 출신 이상철 소장,한겨레 ,"
                        정부는 14일 군사안보지원사령부 사령관에 육군 제5사단장인 이상철 소장을 중장으로 진급시켜 임명할 예정이라고 밝혔다. 정부는 이상철 소장이 야전작전과 교육훈련 ...
                    ", 2021.10.14
746,정치,"해군 ""경항모, 어떤 어려움 있더라도 정상 추진""",한겨레 ,"
                        부석종 해군참모총장이 14일 “어떠한 어려움이 있더라도 경항모사업이 정상 추진될 수 있도록 해군 전 장병이 똘똘 뭉쳐서 해나가겠다”고 말했다. 부석종 총장은 이날...
                    ", 2021.10.14
747,정치,문 대통령-이재명 지사 조우..대통령-대선후보 회동은 언제?,한겨레 ,"
                        [2022 대선] 더불어민주당 이재명 대선 후보가 후보로 선출된 뒤 처음으로 문재인 대통령과 만났다. 14일 세종시에서 열린 ‘균형발전 성과와 초광역협력 지원전략 보고...
                    ", 2021.10.14
748,정치,"이낙연 캠프 해단식..""모멸하고 인격 짓밟아, 정치할 자격 없는 것""",한겨레 ,"
                        이낙연 전 더불어민주당 대표의 대선 경선 캠프가 14일 해단했다. 경선이 끝나고 나흘간 칩거 끝에 모습을 드러낸 이 전 대표는 “모멸하고 인격을 짓밟는 것은 정치할 ...
                    ", 2021.10.14
749,정치,민지 기자 생각은 이렇습니다만,한겨레 ,"
                        [슬기로운 기자생활] [슬기로운 기자생활] 장나래｜정치팀 기자 “기자 말고 민지가 보기엔 어때요?” 국민의힘 대선 후보 경선이 한창인 요즘, 각 후보 캠프를 취재하...
                    ", 2021.10.14
750,정치,"'윤석열 정직 2개월 정당' 판결에..추미애 ""정계 은퇴하라""",한겨레 ,"
                        윤석열 전 검찰총장이 지난해 12월 법무부로부터 받은 ‘2개월 정직’ 징계가 정당하다는 법원 판단이 나오자, 당시 법무부 장관이었던 추미애 전 장관이 “윤 전 총장...
                    ", 2021.10.14
751,정치,"'이재명 안방'에 '대장동 제보센터' 차린 국민의힘, 국감 전면전 돌입",한겨레 ,"
                        [대장동 개발사업 논란] 국민의힘은 14일 이재명 더불어민주당 대선 후보의 안방 격인 경기도에 ‘이재명 판교대장동 게이트 국민제보센터’를 설치하고 다음 주 예정된...
                    ", 2021.10.14
752,정치,[단독] 교수 논문에 공저자 '부정 등재' 수험생 9명 서울대 입학,한겨레 ,"
                        대학교수 논문에 미성년자가 이름을 올려 연구부정이 확인되거나 의심되는 수험생 중 9명이 2011~2017년도 서울대에 입학한 것으로 드러났다. 국회 교육위원회 소속 서...
                    ", 2021.10.14
753,정치,'포스트 JP' 이완구 전 총리 별세,한겨레 ,"
                        충청권의 ‘포스트 제이피(JP)’로 불린 이완구 전 국무총리가 14일 별세했다. 향년 71. 고인은 충남 홍성 출신으로 성균관대 법대를 졸업한 뒤 1974년 행정고시에 합격...
                    ", 2021.10.14
754,정치,철도역 승강장 안전보호벽 20%..비상시 열리고 닫히지 않아,한겨레 ,"
                        화재 등 비상상황이 발생할 경우 탈출통로로 쓰이도록 수동으로 열리고 닫혀야 하는 철도 승강장 안전보호벽의 상당수가 제 구실을 못하는 것으로 드러났다. 감사원은 1...
                    ", 2021.10.14
755,정치,"문 대통령 ""실수요자 전세대출 차질없이 공급되도록 하라""",한겨레 ,"
                        문재인 대통령이 “서민 실수요자에 대한 전세대출과 잔금대출이 일선 은행지점 등에서 차질없이 공급되도록 금융당국은 세심하게 관리하라”고 14일 밝혔다. 문 대통령...
                    ", 2021.10.14
756,정치,[리얼미터] 20대 대선 첫 가상 4자 대결 결과는?,한겨레 ,"
                        더불어민주당 이재명 대선후보 확정 뒤 처음으로 실시된 가상 4자 대결구도 여론조사에서 이 후보가 윤석열 전 검찰총장과 경합하는 결과가 나왔다. 리얼미터가 <오마이...
                    ", 2021.10.14
757,정치,"유인태 ""이낙연 공동선대위원장은 시간문제..안 그러면 졸장부""",한겨레 ,"
                        유인태 전 국회 사무총장이 이낙연 전 더불어민주당 대표가 민주당 대선 캠프 공동선대위원장을 맡을 지에 대해 “시간문제”라고 말했다. 유 전 총장은 14일 <시비에스...
                    ", 2021.10.14
758,정치,"윤석열 ""정신머리"" 발언에 홍 ""건방지고 뻔뻔""·유 ""당이 발 밑에 있나""",한겨레 ,"
                        국민의힘 대선주자인 윤석열 전 검찰총장이 자신을 향한 경쟁 주자들의 검증 공세에 “이런 정신머리부터 바꾸지 않으면 우리 당은 없어지는 게 맞다”고 비판한 것을 ...
                    ", 2021.10.14
759,정치,"원희룡 추켜세운 윤석열 ""대장동 설명 잘하시더라""",한겨레 ,"
                        13일 오후 <한국방송>(KBS) 제주방송총국에서 열린 대선 토론회에서 국민의힘 대선 경선 후보자들은 서로의 약점을 파고드는 날카로운 공세를 이어갔다. 다만 이날 토론...
                    ", 2021.10.13
760,정치,이낙연 '사흘 만의 승복'으로 대선 도전 마무리,한겨레 ,"
                        이낙연 전 더불어민주당 대표의 ‘경선 결과 승복’은 지난 10일 이재명 민주당 대선후보가 선출된 지 사흘 만이었다. 이날 메시지로 대선 여정을 마무리한 이 전 대표...
                    ", 2021.10.13
761,정치,"이낙연 ""정권 재창출 돕겠다""..내홍 수습한 민주당, 대선체제 돌입",한겨레 ,"
                        [2022 대선] 더불어민주당 대선 경선 후보인 이낙연 전 대표가 13일 “대통령후보 경선 결과를 수용한다”며 “민주당의 승리를 위해 노력하겠다”고 밝혔다. 이 전 대...
                    ", 2021.10.13
762,정치,민주당 '경선 후유증' 수습됐지만..이재명 '원팀 구성'은 어떻게?,한겨레 ,"
                        경선 결과 발표 뒤 사흘 만에 나온 이낙연 전 대표의 승복 선언으로 경선 불복 논란은 봉합됐지만, 더불어민주당은 ‘원팀’으로 ‘이재명 선거대책위원회’를 꾸려야 ...
                    ", 2021.10.13
763,정치,"윤석열·원희룡 vs 홍준표·유승민, 4강 '깐부'찾기?",한겨레 ,"
                        [2022 대선] 4파전으로 압축된 국민의힘 대선 주자들이 연합 전선을 형성하는 미묘한 움직임을 보이고 있다. 윤석열 전 검찰총장 ‘주술 공방’ 국면에서 홍준표 의원과...
                    ", 2021.10.13
764,정치,"이낙연 ""경선 결과 수용..민주당 승리 위해 힘 보태겠다""",한겨레 ,"
                        이낙연 더불어민주당 전 대표가 13일 “당무위원회 결정을 존중한다”며 경선 결과를 받아들이겠다고 밝혔다. 지난 10일 민주당 경선에서 이재명 경기지사가 승리한 뒤 ...
                    ", 2021.10.13
765,정치,"장군만 신을 수 있는 '지퍼형 전투화', 이등병도 신는다",한겨레 ,"
                        지난 8월30일 밤. 아프가니스탄 카불 국제공항 활주로에서는 미군 수송기들이 철수하는 미군 병력을 태우고 있었다. 최종 인원 확인을 끝낸 군인이 혼자 활주로를 걸어 ...
                    ", 2021.10.13
766,정치,"국민의힘 경기도청 항의방문에 이재명 ""대장동 자료 성남시에""",한겨레 ,"
                        국민의힘이 더불어민주당 대선 후보인 이재명 경기지사와 대장동 개발 의혹 간 연결고리를 찾기 위해 총공세에 나섰다. 오는 18과 20일 이 지사가 기관증인으로 출석하...
                    ", 2021.10.13
767,정치,"육참총장, 변희수 전 하사 ""명복"" 빌며 ""강제전역은 규정상 정당""",한겨레 ,"
                        남영신 육군참모총장은 성전환 수술을 받은 변희수 전 하사를 강제 전역시킨 육군의 조처는 부당하다는 법원 판결에 대해 “판결을 존중하며 항소 여부를 신중히 검토 ...
                    ", 2021.10.13
768,정치,"심상정 ""화천대유·고발사주 밖에 뭐 있나..정의당의 시간 올 것""",한겨레 ,"
                        심상정 정의당 대선 후보가 13일 첫 공식 일정으로 자신의 ‘정치적 동반자’ 노회찬 전 정의당 의원의 묘역을 찾았다. 그는 이날 오전 여영국 대표 등 정의당 지도부와...
                    ", 2021.10.13
769,정치,이재명-고문단 상견례..이해찬 '진인사 대국민' 당부한 까닭은,한겨레 ,"
                        이재명 더불어민주당 대선후보가 13일 당의 원로인 상임고문단과 만나 “민주당 당원으로 개혁 진영의 4기 민주정부의 창출을 위해 최선을 다하겠다”고 말했다. 상임고...
                    ", 2021.10.13
770,정치,"민주당 ""접종자는 자정까지 모임 허용을""..정부에 '백신패스제' 건의",한겨레 ,"
                        더불어민주당이 13일 현재 밤 10시까지 이용 가능한 카페·식당을 코로나19 백신 접종완료자에 한해 자정까지 허용하는 ‘한시적 백신 패스제’ 도입을 정부에 건의하기...
                    ", 2021.10.13
771,정치,군대 내 성폭력 2차 가해 못 막으면 징계하는 규정 만든다,한겨레 ,"
                        앞으로 군 내 성폭력 피해자에 대한 ‘2차 피해’를 막지 못한 군 간부를 징계하는 조항이 신설된다. 또 육해공군의 성폭력 사건 징계위원회에 의결권을 가진 민간인을 ...
                    ", 2021.10.13
772,정치,"외교부, '대장동 핵심' 남욱 변호사 여권 무효화 착수",한겨레 ,"
                        [대장동 개발사업 논란] 외교부가 13일 미국에 체류하고 있는 대장동 개발 특혜 의혹의 핵심 인물 중 하나인 남욱 변호사의 여권 무효화 조처에 착수했다고 밝혔다. 외...
                    ", 2021.10.13
773,정치,"한-미, 국방 워킹그룹 구성 추진",한겨레 ,"
", 2021.10.13
774,정치,"코로나19 일상회복기구 첫발..""단계적, 포용적, 국민 공감 방향""",한겨레 ,"
                        김부겸 국무총리가 13일 첫 코로나19 일상회복지원위원회를 열어 “회복의 여정은 단계·점진·포용적, 국민과 함께 하는 일상회복이 돼야 한다”고 강조했다. 김 총리...
                    ", 2021.10.13
775,정치,"박용진 ""이재명 국감 출석, 정면돌파 아니라 정면충돌""",한겨레 ,"
                        더불어민주당 대선 경선 후보였던 박용진 의원이 13일 이재명 대선 후보가 경기도지사직 조기 사퇴 없이 국회 국정감사를 받겠다고 한 것과 관련해 “정면승부, 정면돌...
                    ", 2021.10.13
776,정치,"이재명 ""국감 받겠다"" 대장동 정면돌파 뜻..지사직 사퇴 미뤄",한겨레 ,"
                        더불어민주당 대선 후보인 이재명 경기지사가 지사직을 사퇴하지 않고 오는 18일, 20일 경기도청 국정감사에 출석하겠다고 밝혔다. 민주당 지도부는 전날 야당의 ‘대장...
                    ", 2021.10.12
777,정치,"후유증 커지는 민주당, 침묵만 지키는 이낙연",한겨레 ,"
                        더불어민주당의 경선 후유증이 깊어지고 있다. 이낙연 전 대표 쪽은 ‘무효표 처리’에 관해 법정 다툼 가능성까지 공개 언급했다. 당에서는 침묵하는 이 전 대표를 향...
                    ", 2021.10.12
778,정치,"심상정, 이재명에 ""'투기 공화국 해체' 무제한 토론하자""",한겨레 ,"
                        정의당 대선 후보 심상정 의원은 12일 “34년 양당 정치에 대해 분명한 책임을 묻고 미래로 나가는 과감한 선택을 해달라”며 “최초의 책임 연정 시대를 여는 대통령이...
                    ", 2021.10.12
779,정치,"'대장동' 침묵 깬 문 대통령 ""검경 협력, 신속·철저한 수사를""",한겨레 ,"
                        문재인 대통령이 12일 “대장동 사건에 대해 검찰과 경찰은 적극 협력해, 신속하고 철저한 수사로 실체적 진실을 조속히 규명하는 데 총력을 기울여달라”고 지시했다. ...
                    ", 2021.10.12
780,정치,"'4번째 도전' 심상정, 이번엔 정의당 존재감 확인시킬 수 있을까",한겨레 ,"
                        12일 정의당 대선후보로 선출된 진보정당의 ‘간판스타’ 심상정 후보가 네번째 대선 도전에 나선다. 6석의 국회 의석수를 가진 소수 정당으로 거대 양당의 틈바구니 속...
                    ", 2021.10.12
781,정치,"민주당, 13일 최고위·당무위서 '무효표 논란' 매듭지을 방침",한겨레 ,"
                        더불어민주당이 13일 최고위원회의와 당무위원회를 잇따라 열어 이낙연 전 대표 쪽이 제기한 ‘경선 무효표 처리 논란’을 정리할 계획이다. 이재명 경기지사가 민주당 ...
                    ", 2021.10.12
782,정치,"자력으로 '4선 중진'으로 입지 다진, 심상정은 누구",한겨레 ,"
                        한국 진보정치의 ‘역사’를 써 온 심상정 정의당 의원이 12일 정의당 대선후보로 선출됐다. ‘심상정 너머’를 외치던 경쟁 주자들을 제치고 네번째 대선 도전에 나서...
                    ", 2021.10.12
783,정치,"[공덕포차] 이재명 국감 출석, 유리하다? 불리하다?",한겨레 ,"
                        이재명 경기도 지사가 ‘ 대장동 의혹 ’ 에 정면돌파를 선언했습니다. 이 지사가 12 일 ‘ 긴급 현안 기자회견 ’ 을 열어 18 일 , 20 일에 있을 경기도청 국정 감사에...
                    ", 2021.10.12
784,정치,"""누굴 도와줘야 할지""..최재형, 윤석열-홍준표 '러브콜' 동시에 받아",한겨레 ,"
                        국민의힘 대선주자인 원희룡·유승민·윤석열·홍준표 후보가 본경선 진출에 실패한 후보들을 상대로 구애경쟁에 나섰다. 특히 ‘반문재인’, ‘정통보수’ 색깔을 띤 ...
                    ", 2021.10.12
785,정치,'EU 퇴출'  유해물질 국내 방향제·세정제 등 244개 제품에 사용,한겨레 ,"
                        유해성이 커 유럽연합(EU)에서 퇴출 결정된 화학물질이 국내서는 방향제, 세정제, 탈취제 등 244개 제품에 최대 68%의 농도로 사용된 것으로 드러났다. 또 지난해 과장 ...
                    ", 2021.10.12
786,정치,"정의당 대선후보 심상정 ""인권·노동·젠더 선진국 만들 것""",한겨레 ,"
                        심상정 정의당 의원이 12일 정의당의 제20대 대통령 후보로 확정됐다. 심 후보는 이날 국회에서 열린 정의당 대선후보 결선 투표에서 51.12%를 득표해 이정미 전 대표(4...
                    ", 2021.10.12
787,정치,윤석열 설화는 실무자 탓?..캠프 공보라인 대대적 개편,한겨레 ,"
                        윤석열 전 검찰총장이 ‘손바닥 왕(王)자 논란’ 등 캠프 메시지 관리의 난맥상이 드러나자 공보 라인을 개편하며 캠프 정비에 나섰다. 윤 전 총장은 이와 함께 ‘위장 ...
                    ", 2021.10.12
788,정치,"정부, 베트남·태국에 아스트라제네카 백신 공여",한겨레 ,"
                        정부가 코로나19 대응 노력의 일환으로 베트남과 태국에 아스트라제네카 백신을 무상 지원(공여)하기로 했다. 정부는 12일 보도자료를 내어 “코로나19 팬데믹 확산세로...
                    ", 2021.10.12
789,정치,북한이 '거위걸음' 열병식 대신 '자위-2021'전람회 한 이유,한겨레 ,"
                        북한이 노동당 창건 76주년을 맞아 국방발전전람회 ‘자위-2021’을 개최했다. 북한이 그동안 해오던 열병식이 아닌 전람회 방식으로 군사력을 과시한 것은 이번이 처음...
                    ", 2021.10.12
790,정치,"""9년 전 무효표 제기해 봤는데.."" 반성 김두관, 이낙연에 승복 촉구",한겨레 ,"
                        더불어민주당 대선 예비후보였던 김두관 민주당 의원이 9년 전 대선 경선에서 중도사퇴 후보의 무효표 처리 규정을 문제삼았던 자신의 행동을 반성하며 이낙연 전 민주...
                    ", 2021.10.12
791,정치,"이재명, 지사직 유지한 채 국감 출석한다",한겨레 ,"
                        [2022 대선] 더불어민주당 대선 후보인 이재명 경기지사가 “원래 계획대로 경기도 국감을 정상적으로 하겠다”고 12일 밝혔다. 이 지사는 이날 경기도청에서 긴급 기자...
                    ", 2021.10.12
792,정치,"문 대통령 ""대장동 사건, 신속·철저히 수사"" 첫 직접 언급",한겨레 ,"
                        [대장동 개발사업 논란] 문재인 대통령이 “대장동 사건에 대해 검찰과 경찰은 적극 협력해 신속하고 철저한 수사로 실체적 진실을 조속히 규명하는데 총력을 기울여달...
                    ", 2021.10.12
793,정치,"군 운전면허, 일반면허 전환 간편해진다..서류없이 행정망으로",한겨레 ,"
                        군 운전경력 확인 절차가 전산화되어 전역 장병들이 도로교통공단 등의 행정정보공동이용망을 조회해 군 운전면허를 일반면허로 갱신할수 있게 됐다. 국방부는 12일 병...
                    ", 2021.10.12
794,정치,"송영길 ""이낙연 정치적으로 승복해야..내일 최고위서 정리""",한겨레 ,"
                        더불어민주당 송영길 당 대표가 이낙연 캠프가 중도사퇴자 표의 무효처리를 두고 이의제기를 한 것과 관련해 “내일 최고위에서 정리할 계획”이라고 12일 밝혔다. 송 ...
                    ", 2021.10.12
795,정치,"김정은 ""우리 주적은 전쟁 그 자체, 미국·남조선 아니야""",한겨레 ,"
                        김정은 조선노동당 총비서 겸 국무위원장은 “우리의 주적은 전쟁 그 자체이지 남조선이나 미국 특정한 그 어느 국가나 세력이 아니다”라고 밝혔다고 12일 <노동신문>...
                    ", 2021.10.12
796,정치,"민주 ""이재명 후보 확정""..경선 불복 움직임에 쐐기",한겨레 ,"
                        더불어민주당 대선 경선에서 2위를 기록한 이낙연 전 민주당 대표 쪽이 11일 “중도사퇴 후보자들의 표를 무효로 한 것은 문제”라며 결선투표를 공식 요구하고 나섰다....
                    ", 2021.10.11
797,정치,"토론으로 처음 붙은 국민의힘 4강 ""내가 이재명 잡을 후보""",한겨레 ,"
                        11일 ‘4파전’으로 압축된 국민의힘 본경선 첫 토론회에서 후보들은 자신이 “이재명을 잡을 후보”라고 강조하며 차별화에 나섰다. 후보들은 광주에서 열리게 된 이날...
                    ", 2021.10.11
798,정치,"대장동? 조직표?..이재명·민주당에 ""많은 숙제"" 남긴 3차 국민경선",한겨레 ,"
                        더불어민주당 이재명 대선후보가 지난 10일 3차 국민선거인단 투표에서 참패한 결과를 놓고, 민주당 내 여진이 이어지고 있다. ‘대장동 민심이 반영된 것’이라는 해석...
                    ", 2021.10.11
799,정치,"당 지도부와 대전현충원 찾은 이재명..이낙연쪽에 ""원팀"" 압박·당부",한겨레 ,"
                        이재명 더불어민주당 대선 후보가 11일 ‘대장동 의혹’과 ‘원팀’ 구성이라는 숙제를 안은 채 여당 대선 후보로 공식 일정을 시작했다. ‘안정감’과 ‘팀플레이’ 강...
                    ", 2021.10.11
800,정치,"김재원, ""경선 조작"" 황교안에 ""근거 못 대면 해당 행위""",한겨레 ,"
                        국민의힘 공명선거추진단이 2차 예비경선에서 탈락한 황교안 전 대표가 주장한 부정선거 의혹에 대해 “조사 결과 조작은 없었다”고 밝혔다. 공명선거추진단장인 김재...
                    ", 2021.10.11
801,정치,"국민의힘 ""이재명 대선 후보직 사퇴가 부정부패 척결의 시작""",한겨레 ,"
                        국민의힘이 더불어민주당 대선 후보로 지명된 이재명 경기지사를 향해 “대선 후보직 사퇴가 부정부패 척결의 시작”이라고 압박했다. 국민의힘은 여당을 향해 “특검을...
                    ", 2021.10.11
802,정치,3주간 10번..토론회 때문에 떨어질 후보는 누구?,한겨레 ,"
                        국민의힘이 4명의 대선 경선 후보를 압축하고, 본격적인 4강전에 돌입했습니다. 원희룡 전 제주지사와 유승민 전 의원, 윤석열 전 검찰총장, 홍준표 의원은 앞으로 3주...
                    ", 2021.10.11
803,정치,노동당 76돌 '조용히' 지나갔다..남북 '추가 행동' 나서나,한겨레 ,"
                        정부가 북쪽의 전략적 군사행동 여부를 주시해온 조선노동당 창건 76돌 기념일(10월10일)이 “조용히, 무사히” 지나갔다. 북쪽에선 대규모 군 병력과 무기가 동원되는 ...
                    ", 2021.10.11
804,정치,"송영길 ""민주당 대선후보는 이재명""..이낙연 이의제기 사실상 거부",한겨레 ,"
                        송영길 더불어민주당 대표는 11일 이낙연 전 대표 쪽이 대선 후보 경선 결과에 대해 이의를 제기하기로 한 것과 관련해 “민주당은 공식적으로 이재명 후보를 20대 민주...
                    ", 2021.10.11
805,정치,"윤석열 ""국민의힘 게이트? 괴벨스식 세뇌선동 중단해야""",한겨레 ,"
                        국민의힘 대선 후보들이 이재명 경기지사가 이낙연 전 민주당 대표에게 패한 더불어민주당 3차 선거인단 투표 결과를 놓고 “민심이 ‘대장동 게이트’를 ‘이재명 게이...
                    ", 2021.10.11
806,정치,"이낙연 쪽 ""이재명 49.32% 득표, 결선투표에 모든 방법 동원""",한겨레 ,"
                        이낙연 전 더불어민주당 대표 쪽은 11일 “민주당 선거관리위원회와 지도부의 경선 결과 발표는 명백히 당헌·당규에 위배된다”며 “지도부는 즉시 최고위원회의를 소...
                    ", 2021.10.11
807,정치,"""보건지소 1개소 확충에 7억 예산? 설명 너무 부실해요""",한겨레 ,"
                        2012년부터 시작된 서울시 참여예산제가 올해로 10년을 맞이했다. 2011년 지방재정법 개정으로 주민참여예산제 실시가 의무화됐고, 이듬해 서울시도 시민참여예산제 운...
                    ", 2021.10.11
808,정치,"김정은 ""경제 세우고 인민들 식의주 문제 해결""",한겨레 ,"
                        김정은 조선노동당 총비서는 “(노동)당 8차 대회가 설정한 5개년 계획 기간을 나라의 경제를 추켜세우고 인민들의 식의주 문제를 해결하는 데서 효과적인 5년으로 되게...
                    ", 2021.10.11
809,정치,"윤석열, 홍준표에 ""깐부(같은 편) 아닌가요"" 홍 ""난 팩트만 공격""",한겨레 ,"
                        국민의힘 양강 대선주자인 윤석열 전 검찰총장과 홍준표 의원의 설전이 4강 확정 뒤 더욱 거칠어지고 있다. 홍 의원은 윤 전 총장을 이재명 경기지사와 묶어 “범죄공동...
                    ", 2021.10.10
810,정치,"이재명, 18일 경기도 국감 전 지사직 사퇴할 듯",한겨레 ,"
                        [2022 대선] 더불어민주당 대선 후보로 뽑힌 이재명 경기지사가 이번주 안에 지사직에서 물러나는 것을 검토 중이다. 앞서 이 지사는 오는 18일과 20일 경기도청 국감에...
                    ", 2021.10.10
811,정치,"대장동 경고음 커진 이재명, '불안한 후보' 불식이 최대 과제",한겨레 ,"
                        10일 더불어민주당 대선 후보로 선출된 이재명 후보 앞에 ‘대장동 변수’라는 경고등이 켜졌다. 민주당 순회경선에서 대세론을 타고 ‘과반 연승’을 이어갔으나, 경선...
                    ", 2021.10.10
812,정치,"대장동 발목 잡혔나, 이재명 '턱걸이'로 대선후보 확정",한겨레 ,"
                        이재명 경기지사가 10일 더불어민주당 제20대 대통령 후보로 공식 선출됐다. 하지만 국민·일반당원이 참여한 3차 선거인단 투표(슈퍼위크)에서 이낙연 전 민주당 대표...
                    ", 2021.10.10
813,정치,"이재명, 이낙연 무효표 이의제기에 ""원팀 회복 위해 최선 다할 것""",한겨레 ,"
                        이재명 경기지사는 10일 이낙연 전 더불어민주당 대표가 중도 사퇴한 후보 득표를 무효표로 처리한 당 선관위의 결정에 이의를 제기하며 사실상 경선에 불복하자 “원팀...
                    ", 2021.10.10
814,정치,"결선행 실패한 이낙연, 무효표 처리 이의제기 방침",한겨레 ,"
                        이낙연 전 더불어민주당 대표가 민주당 경선 3차 국민선거인단 투표에서 압승하고도 결선행에 실패하자 중도사퇴 후보들의 득표 무효 처리가 잘못됐다며 당에 이의를 제...
                    ", 2021.10.10
815,정치,'턱걸이' 대선후보 이재명 앞에 놓인 3가지 숙제,한겨레 ,"
                        10일 더불어민주당 대선주자로 선출된 이재명 후보 앞에는 ‘정권 재창출’이란 묵직한 과제가 놓였지만, 막판에 반영된 ‘대장동 민심’으로 턱걸이 과반에 그치며 ‘...
                    ", 2021.10.10
816,정치,"강성 집토끼 잡은 추미애, 존재감 못 살린 박용진",한겨레 ,"
                        10일 막을 내린 더불어민주당 대선경선에서 추미애 전 법무부 장관은 두 자릿수에 가까운 득표율을 기록하며 최종 3위로 결승선을 끊었다. 애초 ‘빅3 후보’(이재명·...
                    ", 2021.10.10
817,정치,"'무수저' 소년공에서 집권당 대선주자까지, 이재명의 시간들",한겨레 ,"
                        [2022 대선] 10일 더불어민주당 대선후보로 선출된 이재명(57) 경기지사의 삶을 관통하는 열쇳말은 ‘비주류’다. 가난 탓에 학교 대신 공장을 다녀야 했고, 사법시험에...
                    ", 2021.10.10
818,정치,[속보] 이재명 민주당 대선후보 확정..누적 득표율 50.29%,한겨레 ,"
                        이재명 후보가 10일 더불어민주당의 제20대 대통령 후보로 공식 선출됐다. 이 후보는 이날 서울 송파구 올림픽공원 에스케이핸드볼경기장에서 열린 마지막 서울 지역 순...
                    ", 2021.10.10
819,정치,'지속성장' '공정' 앞세운 이재명..기본소득 본격 검증대로,한겨레 ,"
                        이재명 더불어민주당 대선 후보는 ‘지속가능한 성장’과 ‘공정’을 공약 키워드로 내세우고 있다. 그러면서 가장 공들여 온 ‘기본소득’은 우상향 지속성장경제로 전...
                    ", 2021.10.10
820,정치,서훈 국가안보실장 이번주 미국 방문..남북미 협의 시동?,한겨레 ,"
                        서훈 청와대 국가안보실장이 이번주 미국을 방문한다. 복수의 정부 관계자는 10일 <한겨레>에 “서훈 실장이 이번주 미국을 방문한다”고 밝혔다. 서 실장의 단독 방미...
                    ", 2021.10.10
821,정치,국민의힘 '경선 후유증'..컷오프 순위 공방에 부정선거 논란까지,한겨레 ,"
                        [2022 대선] 국민의힘이 지난 8일 2차 예비경선을 통해 본경선 진출자 4명을 추렸지만 당이 공식발표하지 않은 순위를 놓고 잡음이 끊이지 않고 있다. 일부 언론에 순위...
                    ", 2021.10.10
822,정치,'무속 논란' 윤석열은 교회로..홍준표는 TK 돌며 당심 공략,한겨레 ,"
                        [2022 대선] 국민의힘 본경선에 진출한 국민의힘 대선 주자들이 자신의 약점을 만회하기 위한 행보에 나섰다. 윤석열 전 검찰총장은 무속 논란을 잠재우기 위해 순복음...
                    ", 2021.10.10
823,정치,"홍준표 ""범죄공동체"" 저격에 윤석열 ""우리 깐부 아니냐""",한겨레 ,"
                        국민의힘 양강 대선주자인 윤석열 전 검찰총장과 홍준표 의원의 설전이 4강 본경선 대진표가 확정된 2차 컷오프 뒤 더욱 거세졌다. 홍 의원이 윤 전 총장과 이재명 경기...
                    ", 2021.10.10
824,정치,"이재명과 노무현..열정, 무모함 그리고 싸움의 기술",한겨레 ,"
                        세상에는 불가사의한 일이 참 많습니다. 정치도 마찬가지입니다. 2022년 3월 9일 대한민국 20대 대통령 선거를 향해 달리는 대선 국면에도 상식적으로 이해하기 힘든 여...
                    ", 2021.10.10
825,정치,[공덕포차] 여의도 정가 뒤흔든 점쟁이 비하인드 스토리 대방출!,한겨레 ,"
                        윤석열 전 총장의 ‘왕’손 논란으로 불 지핀, 여의도 정가에 돌고 도는 역술인 이야기. 두둥!! 그런데..! 백두산에 올라가 제를 올린 국회의원이 있다!? 김작자 김성회...
                    ", 2021.10.09
826,정치,"이재명 ""숨 쉴 틈 없는 보수 공격에도 국민들 덕에 이 자리에 와""",한겨레 ,"
                        경기 성남 ‘대장동 개발사업 특혜 의혹’이 커지는 가운데서도 더불어민주당 대선주자인 이재명 경기지사가 9일 경기지역 대선 후보 순회 경선에서도 과반 득표로 1위...
                    ", 2021.10.09
827,정치,"이재명, '안방' 경기서도 59.3% 압승..대장동 뚫고 '대세론' 확인",한겨레 ,"
                        더불어민주당 대선주자인 이재명 경기지사가 9일 경기지역 대선 후보 순회 경선에서도 과반 득표로 1위를 기록하며 ‘결선 투표 없는 본선행’ 가능성을 한층 높였다. ...
                    ", 2021.10.09
828,정치,"[현장] 보수 유튜버들, 민주당 경선장서 '형수 욕설' 틀어 한때 충돌",한겨레 ,"
                        9일 오후 더불어민주당 대선 경선 경기 지역 순회 연설회가 열리는 경기 수원컨벤션센터 앞에는 어림잡아 2000명에 육박하는 인파가 몰려들었다. 후보들이 등장하자 마...
                    ", 2021.10.09
829,정치,"김기현 ""검찰이 '이재명 방탄수호단'..미적거리면 직무유기 고발""",한겨레 ,"
                        국민의힘이 ‘대장동 개발 특혜 의혹’을 수사 중인 검찰을 향해 “이재명 후보의 ‘방탄수호단’을 자처하고 나선 듯하다”며 “계속 미적거리며 눈치를 본다면 검찰 ...
                    ", 2021.10.09
830,정치,"[논썰] ""내가 왕이 될 상인가?"" 윤석열의 '개그 같은 다큐'",한겨레 ,"
                        [논썰] 윤석열 전 검찰총장 손바닥에 적힌 ‘임금 왕(王) 자’를 둘러싼 논란이 생각보다 길게 이어지고 있습니다. 상황이 장기화되는 것에 당혹스러운 건 누구보다 윤 ...
                    ", 2021.10.09
831,정치,"황교안 ""국민의힘 2차 경선도 부정선거 있었다""",한겨레 ,"
                        [2022 대선]
                    ", 2021.10.08
832,정치,윤–홍 서로 '내가 제일 잘 나가'..국민의힘 '4강전' 승자는?,한겨레 ,"
                        국민의힘 대선 경선이 8일 원희룡 전 제주지사와 유승민 전 의원, 윤석열 전 검찰총장, 홍준표 의원(가나다순)이 참여하는 ‘4강전’으로 치러지게 됐다. 국민의힘 선거...
                    ", 2021.10.08
833,정치,"[it슈 예언해줌] '고발사주' 의혹, 손준성 소환 늦어지는 두 가지 이유?",한겨레 ,"
                        [it슈 예언해줌] 이번 주, 고위공직자범죄수사처(공수처)와 검찰에서는 ‘고발사주 의혹’과 ‘대장동 개발 특혜 의혹’ 수사가 급물살을 탔고, 정치권에서는 윤석열 전...
                    ", 2021.10.08
834,정치,"이재명 쪽 ""정치적 책임져야""..이낙연 쪽 ""설훈 발언 와전돼""",한겨레 ,"
                        더불어민주당 대선후보 선출을 이틀 앞둔 8일 이재명 경기지사 쪽이 이낙연 전 더불어민주당 대표 쪽을 향해 “정치적 책임을 져야 할 것”이라며 날을 세웠다. 전날 설...
                    ", 2021.10.08
835,정치,"청 ""데이트폭력은 중대범죄..가해자에게 상응한 처벌""",한겨레 ,"
                        진교훈 경찰청 차장이 청와대 국민청원 답변을 통해 “데이트 폭력 가해자에게 상응한 처벌이 이루어질 수 있도록 더욱 엄정하고 철저하게 수사하고, 유관기관과 협의를...
                    ", 2021.10.08
836,정치,"김기현 ""피 토하는 심정으로 대장동 특검 천막투쟁""",한겨레 ,"
", 2021.10.08
837,정치,우량주로 등장했던 최재형의 허망한 몰락,한겨레 ,"
                        “끝까지 지지해주신 국민 여러분께 진심으로 감사 인사를 올린다. 국민의힘 평당원으로 돌아가 정권교체를 위해 힘을 모으겠다.” 8일 국민의힘 대선 경선 2차 컷오프...
                    ", 2021.10.08
838,정치,71년 만에 돌아온 아버지..6·25 전사 경찰관 2명 신원 확인,한겨레 ,"
                        국방부 유해발굴감식단은 8일 전남 영광군 삼학리에서 2007년 5월에 발굴한 6·25 전사자의 신원을 확인했다고 밝혔다. 전사자는 경찰관인 고 이남의, 최영근 경사다. 1...
                    ", 2021.10.08
839,정치,"김웅, '고발사주' 통화내용 공개에도 ""기억 안 나요""",한겨레 ,"
                        검찰의 ‘고발사주’ 의혹 핵심 당사자인 김웅 국민의힘 의원이 8일 조성은 전 미래통합당 선거대책위원회 부위원장과의 통화 내용이 공개된 데 대해 “처음부터 (통화)...
                    ", 2021.10.08
840,정치,[갤럽] 이재명 25%·윤석열 20%..홍준표 12%로 '껑충',한겨레 ,"
                        차기 정치 지도자 선호도 조사에서 이재명 경기지사가 선두를 지키고 있는 가운데 홍준표 국민의힘 의원 선호도가 한 달 새 6%에서 12%로 두 배 뛰었다는 여론조사 결과...
                    ", 2021.10.08
841,정치,윤석열·홍준표·유승민·원희룡 국민의힘 본경선 진출,한겨레 ,"
                        [2022 대선] 원희룡 전 제주지사, 유승민 전 의원, 윤석열 전 검찰총장, 홍준표 의원(가나다순)이 국민의힘 대선 경선 2차 관문을 통과했다. 국민의힘 선거관리위원회는...
                    ", 2021.10.08
842,정치,국민의힘 뒤덮은 무속 논란..'최순실 트라우마' 재현,한겨레 ,"
                        국민의힘 대선주자인 윤석열 전 검찰총장의 손바닥 ‘왕(王) 자’ 논란이 ‘항문침 전문가’, ‘천공스승 멘토설’ 공방으로 이어지며 국민의힘 경선의 주요 화제로 떠...
                    ", 2021.10.07
843,정치,"이낙연 쪽 ""후보 구속되면""..이재명 쪽 ""차마 못 담을 말""",한겨레 ,"
                        더불어민주당 대선 경선이 결승선을 향해 달려가는 가운데 이낙연 캠프 공동선대위원장인 설훈 의원이 “(이재명) 후보가 구속되는 상황을 가상할 수 있다”고 막판 공...
                    ", 2021.10.07
844,정치,'본선경쟁력' 심상정 vs '세대교체론' 이정미..정의당 선택은?,한겨레 ,"
                        정의당 대선후보 결선투표가 7일 시작됐다. 심상정 의원은 ‘본선 경쟁력’을, 이정미 전 대표는 ‘세대 교체’를 앞세워 당원들에게 지지를 호소하고 있다. 전날 열린 ...
                    ", 2021.10.07
845,정치,"민주당 ""김웅 구속하고 '몸통' 윤석열 후보 사퇴를"" 직격탄",한겨레 ,"
                        더불어민주당이 검찰 고발 사주 의혹 사건에 관해 대대적인 공세에 나섰다. 민주당은 고위공직자범죄수사처(공수처) 수사에서 김웅 국민의힘 의원이 제보자 조성은씨에...
                    ", 2021.10.07
846,정치,"국민의힘, 대장동 특검 '이이제이' 전술",한겨레 ,"
                        국민의힘이 7일 더불어민주당 대선주자인 이낙연 전 대표에게 대장동 특검 도입에 대한 의견을 밝히라고 요구했다. 대장동 의혹 진상 규명을 요구하고 있는 이 전 대표...
                    ", 2021.10.07
847,정치,공군 성추행 부실수사에도..지휘부 전원 불기소 '면죄부',한겨레 ,"
                        성추행 피해 신고 뒤 상관의 회유와 협박에 시달리다 숨진 공군 이아무개 중사 사건이 219일 만에 종료됐다. 국방부는 15명을 기소하고 38명을 문책하겠다고 했지만, 부...
                    ", 2021.10.07
848,정치,"천공스승 ""윤석열, 김건희 통해 알게 된 사이..멘토는 아냐""",한겨레 ,"
                        국민의힘 대선 경선 토론 과정에서 ‘윤석열 멘토’로 거론됐던 ‘천공스승’이 언론 인터뷰에서 윤 전 총장에게 검찰총장 사퇴 문제를 조언해줬다고 밝혔다. 그러나 “...
                    ", 2021.10.07
849,정치,[공덕포차 시즌3 첫방송] 항문침·'이재명 구속' 발언.. 격화되는 대선판,한겨레 ,"
                        [시사맛집 공덕포차 시즌3] 엇 ..  시즌 3  준비하는 동안 많은 일이 있었네요 ;; 대장동 선거라고 해도 과언이 아닐 만큼  ‘ 대장동 의혹 ’ 이 격화되고 있고 ... 잠...
                    ", 2021.10.07
850,정치,"국민의힘 뒤덮은 무속 논란..""최순실 트라우마 떠올라""",한겨레 ,"
                        국민의힘 대선주자인 윤석열 전 검찰총장의 손바닥 ‘왕(王) 자’ 논란이 ‘항문침 전문가’, ‘천공스승(정법) 멘토설’ 공방으로 이어지며 국민의힘 경선의 주요 화제...
                    ", 2021.10.07
851,정치,"홍준표, 김웅·윤희숙 겨냥 ""한방에 훅 가..자중자애하라""",한겨레 ,"
                        국민의힘 대선주자인 홍준표 의원이 7일 과거 김웅 의원과 윤희숙 전 의원을 겨냥해 “분수를 모르고 있다”며 공개 비판했다. 홍 의원은 이날 페이스북에 “(지난해 7...
                    ", 2021.10.07
852,정치,"설훈 ""이재명 구속"" 거론..막판 공세 최고조, 선거인단 투표율 급등",한겨레 ,"
                        [2022 대선] 더불어민주당 대선 경선이 결승선을 향해 달려가는 가운데 이낙연 캠프 공동선대위원장인 설훈 의원이 “(이재명) 후보가 구속되는 상황을 가상할 수 있다...
                    ", 2021.10.07
853,정치,"문 대통령 ""화석연료 시대엔 자원빈국, 수소시대에는 다르다""",한겨레 ,"
                        문재인 대통령이 7일 “우리나라는 화석연료 시대에는 자원빈국이자 에너지의 대부분을 해외에 의존했던 나라지만 수소시대에는 다르다”면서 “정부는 ‘청정수소 선도...
                    ", 2021.10.07
854,정치,"이낙연 호명한 이준석 ""대장동 특검에 이낙연 입장 뭔가""",한겨레 ,"
                        국민의힘이 7일 더불어민주당 대선주자인 이낙연 전 대표에게 대장동 특검 도입에 대한 의견을 밝히라고 요구했다. 대장동 의혹 진상규명을 요구하고 있는 이 전 대표를...
                    ", 2021.10.07
855,정치,'본선 경쟁력' 심상정 vs '세대교체' 이정미..최종 승자는?,한겨레 ,"
                        정의당 대선후보를 선출하는 결선투표가 7일부터 시작됐다. 심상정 의원은 ‘본선 경쟁력’을, 이정미 전 대표는 ‘세대교체’를 앞세워 당원들에게 지지를 호소하고 있...
                    ", 2021.10.07
856,정치,"WHO ""중 다롄에서 북 남포로 코로나 의료품 운송 시작""",한겨레 ,"
                        세계보건기구(WHO)는 “북한에 필수적인 코로나19 의료품을 지원하기 위해 중국 다롄항을 통한 운송을 시작했다”고 최근 펴낸 보고서에서 밝혔다. 세계보건기구가 지난...
                    ", 2021.10.07
857,정치,계급이 방패? 공군 부사관 사망 관련 '부실수사' 지휘부 처벌은 '0',한겨레 ,"
                        성추행 피해 신고 뒤 상관의 회유와 협박에 시달리다 숨진 공군 이아무개 중사 사건과 관련해, 국방부가 15명을 기소하는 등 38명을 문책하겠다고 밝혔다. 그러나 초동 ...
                    ", 2021.10.07
858,정치,"[전국지표조사] 대선 당선 전망..이재명 41%, 윤석열 21%, 홍준표 10%",한겨레 ,"
                        내년 대통령 선거에 누가 당선될 것 같냐는 질문에 이재명 경기지사가 41%로 응답률이 가장 높다는 조사 결과가 7일 나왔다. 이 지사는 차기 대선후보 적합도에서 1위를...
                    ", 2021.10.07
859,정치,"문 대통령 ""아태지역 기후위기에 취약..탄소중립 행동 빨라져야""",한겨레 ,"
                        문재인 대통령이 7일 “지구는 지금 예상보다 훨씬 빠른 속도로 뜨거워지고 있으며 아·태 지역은 기후위기에 취약한 지역”이라면서 “‘탄소중립’을 향한 아·태 국...
                    ", 2021.10.07
860,정치,"민주당 ""윤석열 대검 '선거개입'..김웅 구속하고 윤석열 사퇴해야""",한겨레 ,"
                        [윤석열 검찰 ‘고발 사주’ 의혹] 고위공직자범죄수사처(공수처)가 복구한 김웅 국민의힘 의원과 조성은씨 통화 녹취록에 고발장 대리 접수 정황이 담긴 것으로 전해지...
                    ", 2021.10.07
861,정치,'천공 스승' 윤석열 멘토 논란..유승민-윤석열 '주술 공방 3라운드',한겨레 ,"
                        [2022 대선] 국민의힘 대선주자 윤석열 전 검찰총장의 ‘손바닥 왕(王)’자 논란이 ‘항문침 전문가 대동설’과 ‘역술인 천공스승(정법) 멘토설’로 일파만파 확산하는...
                    ", 2021.10.07
862,정치,"결선 앞둔 이정미 ""정의당 변화는 리더십 교체로부터""",한겨레 ,"
                        정의당 대선 경선에서 예상을 깨고 결선에 진출한 이정미 전 정의당 대표가 7일 <한국방송> 라디오 ‘최경영의 최강시사’ 인터뷰를 통해 “정의당이 너무 오랫동안 심...
                    ", 2021.10.07
863,정치,"송영길 ""지금은 이재명 혼자 대응..경선 끝나면 당이 총력 대응""",한겨레 ,"
                        송영길 더불어민주당 대표가 6일 대장동 개발 특혜 의혹과 관련해 “경선이 끝나면 당이 총력으로 대응할 것”이라고 밝혔다. 송 대표는 이날 밤 KBS ‘더 라이브’에 ...
                    ", 2021.10.07
864,정치,"'역술인 수행원' 놓고 윤석열-유승민, 삿대질에 말다툼까지 벌여",한겨레 ,"
                        국민의힘 대선 주자인 윤석열 전 검찰총장과 유승민 전 의원 쪽이 윤 전 총장의 ‘역술인 수행원’ 의혹을 놓고 정면충돌했다. 특히 두 후보는 전날 경선 후보 토론회 ...
                    ", 2021.10.06
865,정치,"최종건 차관 ""북, 지금 당장 남북군사공동위 나와야""",한겨레 ,"
                        최종건 외교부 1차관이 6일 2018년 9·19 군사합의(판문점선언 군사분야 이행합의서) 의미를 소개하며 “북한은 지금 당장이라도 남북군사공동위에 나와야 한다”고 말...
                    ", 2021.10.06
866,정치,국민의힘 '고발 사주' 자체 조사 빈말..한 달간 손 놓고 있었다,한겨레 ,"
                        검찰의 이른바 ‘고발 사주’ 의혹과 관련해, 자체 검증단을 꾸려 당 개입 여부를 조사하겠다던 국민의힘이 한 달 가까이 손을 놓고 있는 것으로 전해졌다. 지난해 검찰...
                    ", 2021.10.06
867,정치,"'과반 실패' 심상정, 이정미와 결선 간다..6일 뒤 정의당 최종승자는?",한겨레 ,"
                        정의당 대선주자인 심상정 의원과 이정미 전 정의당 대표가 오는 12일 결선투표를 치르게 됐다. 정의당의 간판인 심 의원이 과반득표에 실패하고 결선투표로 가면서 어...
                    ", 2021.10.06
868,정치,국방부는 군 부대가 아니다,한겨레 ,"
                        국회 정기 국정감사장들이 ‘대장동 의혹’ 성토장이 된 가운데, 5일 국방부 국정감사가 대장동 관련 문제로 개회도 못하고 끝났다. 애초 이날 오전 10시에 시작하려던 ...
                    ", 2021.10.06
869,정치,"이낙연 ""소액 현금 주는 정책 아냐""..이재명 '기본소득' 에둘러 비판",한겨레 ,"
                        이낙연 전 더불어민주당 대표가 6일 기초생활보장제도 생계급여 지원 대상 확대와 상병 수당 도입 등을 뼈대로 한 ‘신복지’ 공약을 발표했다. 오는 9∼10일 마지막 서...
                    ", 2021.10.06
870,정치,"이재명, 경기도 국감 출석..'대장동 공세' 직접 방어 나선다",한겨레 ,"
                        이재명 경기지사가 이르면 오는 10일 더불어민주당 대선후보로 선출되더라도 지사직을 사퇴하지 않고 경기도 국정감사에 출석하기로 했다. 이 지사 본인이 국감장에서 ...
                    ", 2021.10.06
871,정치,"정의당, 대선 경선 결선투표로..심상정-이정미 '맞대결'",한겨레 ,"
                        [2022 대선] 정의당 대선후보 확정을 위해 심상정 의원과 이정미 전 대표가 결선투표를 치른다. 6일 국회에서 열린 정의당 대선 경선 결과, 심 의원이 46.42%, 이 전 대...
                    ", 2021.10.06
872,정치,"문 대통령 '캐스퍼' 비닐 뜯고 시운전..""승차감이 좋다""",한겨레 ,"
                        문재인 대통령이 6일 청와대에서 자신이 직접 온라인 구매한 새차 ‘캐스퍼’를 인수하고, 새차의 비닐을 뜯었다. 경형 스포츠실용차(SUV) 캐스퍼는 문 대통령이 ‘1호 ...
                    ", 2021.10.06
873,정치,"이준석, '걸어서 청와대까지'..국민의힘, 대장동 의혹 여론전",한겨레 ,"
                        [대장동 개발사업 논란] 국민의힘 지도부와 대선 주자들이 대장동 사건의 진실 규명을 위한 특검 도입을 촉구하며 전방위 여론전에 나섰다. 이준석 대표는 특검을 요구...
                    ", 2021.10.06
874,정치,"국민의힘 '턱걸이 4위' 치열..본선행 티켓, 남은 1장 누가 쥘까",한겨레 ,"
                        오는 8일 국민의힘 대선 경선 후보 8명 가운데 4명을 추리는 2차 컷오프가 임박하며 ‘4위 싸움’이 치열하다. 윤석열 전 검찰총장과 홍준표 의원이 수위를 다투고 유승...
                    ", 2021.10.06
875,정치,"문 대통령, 마지막 대법관 임명식..""여성 대법관 4인 시대""",한겨레 ,"
                        문재인 대통령이 6일 임기 중 마지막 대법관 임명식을 하면서 “정책은 행정부가 만들고 집행하지만, 사회적으로 예민한 문제는 사법부의 판결을 통해 방향을 잡기 때문...
                    ", 2021.10.06
876,정치,"국민의힘, 2차 컷오프 투표 시작..23만 '신입 당심'은 어디로?",한겨레 ,"
                        국민의힘 대선 경선 후보를 4명으로 압축하는 2차 예비경선(컷오프) 당원투표와 여론조사가 6일부터 이틀 동안 진행된다. 2배로 급증한 신규 당원의 표심과 국민 여론조...
                    ", 2021.10.06
877,정치,"문 대통령 ""전세대출 등 실수요자 어려움 겪지 않게 노력해달라""",한겨레 ,"
                        금융권이 가계 대출 조이기에 나선 가운데 문재인 대통령이 전세대출 실수요자들이 어려움을 겪지 않도록 하라고 지시했다. 문 대통령은 6일 오전 청와대 참모회의에서 ...
                    ", 2021.10.06
878,정치,"'손바닥 王자' 진화하려던 윤석열 ""여자들이 점 보러 다녀""",한겨레 ,"
                        [2022 대선] 윤석열 전 검찰총장이 ‘손바닥 왕(王)자’ 논란을 해명하던 과정에서 “아무래도 여자분들이 점도 보러 다닌다”는 발언으로 또다시 실언 논란에 휩싸였다...
                    ", 2021.10.06
879,정치,"홍준표 ""내가 나이도 많은데"" vs 하태경 ""또 막말병 도졌더라""",한겨레 ,"
                        국민의힘 대선주자인 홍준표·하태경 의원의 신경전이 가열되고 있다. 2차 컷오프를 위한 당원투표와 여론조사가 시작된 6일에도 두 후보는 서로 “떨어졌으면 좋겠다”...
                    ", 2021.10.06
880,정치,[케이스탯리서치] 이재명 31.1%-윤석열 19.6%-홍준표 14.1%,한겨레 ,"
                        이재명 경기지사가 대선 적합도 조사에서 윤석열 전 검찰총장을 10%포인트 이상 앞선 여론조사 결과가 나왔다. <경향신문>이 케이스탯리서치에 의뢰해 지난 3~4일 전국 ...
                    ", 2021.10.06
881,정치,"한-미 외교장관, OECD 각료회의서 '종전선언' 재차 논의",한겨레 ,"
                        한-미 외교장관이 5일(현지시각) 프랑스 파리에서 만나 종전선언 등 한반도 문제와 한-미 관계에 대해 논의했다. 외교부는 6일 보도자료에서 “정의용 외교부 장관은 경...
                    ", 2021.10.06
882,정치,"김 총리 ""소상공인 손실보상금, 늦어도 이달 말부터 수령""",한겨레 ,"
                        김부겸 국무총리가 6일 “늦어도 이번달 말부터는 소상공인들이 (손실) 보상금을 수령할 수 있게 하겠다”고 밝혔다. 김 총리는 이날 오전 정부세종청사에서 국무회의를...
                    ", 2021.10.06
883,정치,"홍준표 ""'王' 논란, 국제망신""..윤석열 ""부적이면 손바닥에 안 그려""",한겨레 ,"
                        2차 컷오프 결과 발표를 사흘 앞둔 5일, 국민의힘 대선 경선 후보자 마지막 티브이(TV) 토론회는 ‘윤석열 난타전’처럼 치러졌다. 윤 전 총장은 지난 세 차례 토론회 ...
                    ", 2021.10.06
884,정치,이재명 2004년 한 차례 음주운전.. 0.158% 면허취소 수준,한겨레 ,"
                        [2022 대선] 이재명 경기지사가 2004년 음주운전으로 벌금 150만원을 받은 건 당시 혈중 알코올 농도가 0.158%로 면허취소 수준이었기 때문으로 5일 확인됐다. 이 날 국...
                    ", 2021.10.05
885,정치,'대장동 손팻말 대치'로 개회도 못하고 끝난 국방부 국감,한겨레 ,"
                        5일 국방부 국정감사가 대장동 관련 문제로 개회도 못하고 끝났다. 애초 이날 오전 10시 서울 용산 국방부 청사에서 시작하려던 국방부 국감은 국민의힘 의원들이 국감...
                    ", 2021.10.05
886,정치,"[단독]'원전비리' LS전선, 출연금 적게 내고 '배당잔치'",한겨레 ,"
                        경영 악화를 이유로 지난해 원자력안전위원회(원안위)에 낼 출연금을 대폭 줄인 엘에스(LS)전선이 실제로는 당기순이익이 급증해 ‘현금 배당 잔치’를 벌인 것으로 확...
                    ", 2021.10.05
887,정치,"'대장동' 맴돈 마지막 토론..명 ""성과 홍보 기회""-낙 ""민주당의 짐""",한겨레 ,"
                        5일 열린 <오비에스>(OBS) 주최 더불어민주당 대선 경선 마지막 토론회는 ‘대장동’으로 시작해서 ‘대장동’으로 끝이 났다. 이재명 경기지사는 “대장동 의혹은 나의...
                    ", 2021.10.05
888,정치,[공덕포차 시즌3 티저] 돌아온 시사 맛집 공덕포차 시즌3 개봉박두!,한겨레 ,"
                        오래 기다리셨습니다!!! 2주 전 공덕포차 시즌2를 마치고, 드디어 이번 주! 시즌3가 문을 엽니다!! ㅎㅎ (와~~) 한결 더 맛있어진 ‘시사 맛집’으로 여러분을 찾아뵈려...
                    ", 2021.10.05
889,정치,"""이재명 측근, 유동규 이력서 관광공사에 보내며 '절차 밟으라' 지시""",한겨레 ,"
                        대장동 개발 특혜 의혹 사건의 핵심 인물인 유동규 전 성남도시개발공사 기획본부장이 2018년 경기관광공사 사장으로 임명될 당시, 이재명 경기지사의 측근이 개입했다...
                    ", 2021.10.05
890,정치,"윤미향 '공금 사적 유용' 의혹에 야당 ""즉각 사퇴하라""",한겨레 ,"
                        정의기억연대(정의연·옛 한국정신대문제대책협의회) 후원금 유용 의혹 등 8개 혐의로 기소된 무소속 윤미향 국회의원이 검찰 수사 결과 모두 1억37만원을 횡령한 것으...
                    ", 2021.10.05
891,정치,"""내년 대선 '기후 후보' 내 새로운 시민운동 깃발 세울 겁니다""",한겨레 ,"
                        [짬]【짬】 녹색당 김찬휘 공동대표 “기후 운동 진영을 힘 있는 정치 세력으로 바꾸고 싶어요. 기후라는 새로운 깃발을 든 시민사회 세력을 강하게 만들면 그 기반으로...
                    ", 2021.10.05
892,정치,"국민의힘, '대장동 의혹' 파상공세..'특검 촉구' 도보투쟁까지",한겨레 ,"
                        국민의힘이 ‘대장동 의혹’ 특검 관철을 위한 ‘도보 투쟁’과 ‘1인 시위’를 병행하며 여론전에 박차를 가하고 있다. 지난 3일 대장동 개발사업 관련 뇌물·배임 혐...
                    ", 2021.10.05
893,정치,"""돼지 눈엔 돼지만""..받은 것 이상 되갚는 '이재명 화법' 득실은?",한겨레 ,"
                        대장동 의혹에 대응하는 이재명 경기지사의 ‘극한 화법’을 놓고 당 안팎에서 우려가 나오고 있다. 국민의힘의 공격을 그 이상의 화력으로 되갚으며 경선 국면을 돌파...
                    ", 2021.10.05
894,정치,우왕좌왕 '손바닥 王자' 해명..윤석열 '설화'에 캠프도 '난맥',한겨레 ,"
                        윤석열 전 검찰총장의 ‘손바닥 왕(王)자’ 사건에 중구난방 해명이 이어지면서 캠프 메시지 관리의 난맥상이 고스란히 드러났다. 윤 전 총장의 부적절한 언행으로 일이...
                    ", 2021.10.05
895,정치,[포토] '김범수 의장도 귀 쫑긋' 정무위 국감장 기업인들,한겨레 ,"
                        김범수 카카오 이사회 의장을 비롯한 기업 대표들이 5일 국회 정무위원회 국정감사에 증인으로 출석했다. 김범수 의장은 “카카오가 빠른 속도로 기존 경제 생태계를 황...
                    ", 2021.10.05
896,정치,"""엄중히 지켜보고 있다""..청와대, 대장동 의혹 첫 입장표명",한겨레 ,"
                        [대장동 개발사업 논란] 청와대가 대선 정국의 태풍으로 부상하고 있는 판교 대장동 개발 특혜 의혹에 대해 “엄중하게 생각하고 지켜보고 있다”고 밝혔다. 지난 9월 ...
                    ", 2021.10.05
897,정치,"이름 바꾼 뒤 안보리 결의 위반? 정부, 몽골 선적 선박 억류",한겨레 ,"
                        정부가 유엔 안전보장이사회(안보리)의 결의 위반이 의심되는 몽골 선적의 선박을 지난 5월 억류해 조사 중인 것으로 확인됐다. 유엔 안보리 산하 대북제재위원회는 4일...
                    ", 2021.10.05
898,정치,문재인 정부 국방개혁..무기는 '최첨단' 인권은 '제자리',한겨레 ,"
                        공군 최첨단 전투기 F-15K·F-35, 해군 SLBM 잠수함 도산안창호함, 육군 아파치 공격헬기(AH-64)…. 지난 1일 포항 도구해안에서는 73주년 국군의날 행사가 열렸습니다....
                    ", 2021.10.05
899,정치,"문 대통령 ""체제 경쟁 의미 없어..남북 함께 번영해야""",한겨레 ,"
                        문재인 대통령이 5일 남북한이 분단된 상황과 관련해 “우리는 대립할 이유가 없다”며 “체제 경쟁이나 국력의 비교는 이미 오래전에 더 이상 의미가 없어졌다”고 말...
                    ", 2021.10.05
900,정치,"'대장동' 피켓 내걸자 보이콧..국방부 국감, 시작부터 파행",한겨레 ,"
                        국방부 국정감사가 대장동 관련 문제로 파행을 겪고 있다. 5일 오전 10시 국방부 청사에서 시작하려던 국방부 국감은 국민의힘 의원들이 국감장 자리 앞에 대장동 관련 ...
                    ", 2021.10.05
901,정치,"이준석 ""윤석열 이슈메이킹 탁월"" 꼬집으며 ""메시지 관리 좀""",한겨레 ,"
                        이준석 국민의힘 대표가 5일 최근 ‘손바닥 왕(王)자’와 ‘위장당원’ 논란을 일으킨 윤석열 전 검찰총장을 향해 “반 우스개소리로 이슈메이킹 능력은 탁월한 것 같다...
                    ", 2021.10.05
902,정치,"[it슈 예언해줌] '몸통', '무당', '위장당원' 혼탁한 대선판",한겨레 ,"
                        [it슈 예언해줌][2022 대선] 이번 주 완터치 3K쇼 뉴스 ‘예언해줌 라이브’는 유동규씨 구속으로 ‘몸통’ 찾기에 급물살을 탄 대장동 특혜 의혹 사건 수사와 ‘왕(王)...
                    ", 2021.10.05
903,정치,"이낙연 ""민주당 1위 후보 측근 구속..정권 재창출 위기""",한겨레 ,"
                        더불어민주당 대선 주자인 이낙연 전 민주당 대표는 5일 ‘대장동 개발 특혜 의혹’으로 유동규 전 성남도시개발공사 기획본부장이 구속된 것과 관련해 “민주당 1위 후...
                    ", 2021.10.05
904,정치,"'역선택' 논란 띄웠던 김재원 ""추미애 찍었다""",한겨레 ,"
                        더불어민주당 국민선거인단으로 신청했다고 밝혀 ‘역선택’ 논란을 일으켰던 김재원 국민의힘 최고위원이 실제로 민주당 경선에 참여해 추미애 후보에게 투표했다고 밝...
                    ", 2021.10.05
905,정치,"김부겸 ""코로나 재택치료 시스템 구축방안 이번주 마련""",한겨레 ,"
                        [코로나19 세계 대유행] 정부가 ‘단계적 일상회복’을 위해 재택치료 시스템 구축 방안을 이번주 안에 마련하기로 했다. 김부겸 국무총리는 5일 정부서울청사에서 주재...
                    ", 2021.10.05
906,정치,"""남북·북미 관계 개선 밑돌 반세기 쌓은 한반도 평화 설계자""",한겨레 ,"
                        학자이자 실천가로서 반세기 가까이 한반도와 세계 평화를 위해 헌신해온 박한식 미국 조지아대 명예교수가 제23회 한겨레통일문화상 수상자로 선정됐다. 1999년부터 이...
                    ", 2021.10.05
907,정치,"[정욱식 칼럼] 허망한 군비경쟁, 군산복합체만 웃는다",한겨레 ,"
                        정욱식 ㅣ 한겨레평화연구소 소장 겸 평화네트워크 대표 9월28일 북한이 ‘화성-8형’이라고 명명한 극초음속 미사일을 시험발사했다는 소식을 듣고는 경북 성주의 사드...
                    ", 2021.10.05
908,정치,"""남과 북의 동질성 알리는 통일교육 통해 통일의 길로""",한겨레 ,"
                        “통일문화가 없이는 통일이념을 만들 수 없고, 통일이념이 없으면 통일의 길을 볼 수 없습니다.” 제23회 한겨레통일문화상 수상자인 박한식 조지아대 명예교수는 수상...
                    ", 2021.10.05
909,정치,"김석기 ""이수혁 배우자 농지법 위반 확인..장하성은 위반 의혹""",한겨레 ,"
                        이수혁 주미대사의 배우자가 농지에 전원주택을 지어 농지법을 위반한 사실이 확인됐다고 김석기 국민의힘 의원이 밝혔다. 김 의원은 또 장하성 주중대사의 농지법 위반...
                    ", 2021.10.04
910,정치,"남북 통신선, 55일 만에 재가동..관계개선 '행동' 이어질까",한겨레 ,"
                        남북 직통연락선이 55일 만에 다시 가동됐다. 김정은 조선노동당 총비서 겸 국무위원장이 최고인민회의 14기 5차 회의 시정연설(9월29일)에서 “10월 초부터 북남 통신...
                    ", 2021.10.04
911,정치,"윤석열 ""위장당원들 엄청 가입""..경쟁자들 ""당원 모독""",한겨레 ,"
                        국민의힘 대선주자인 윤석열 전 검찰총장이 4일 최근 당원 급증 현상에 대해 “위장당원이 포함됐다”고 주장해 파문을 일으켰다. 오는 6∼7일 30% 비율로 반영되는 2차...
                    ", 2021.10.04
912,정치,"대장동 관리미흡 인정한 이재명 ""개발이익 환수제 도입""",한겨레 ,"
                        이재명 경기도지사가 유동규 전 성남도시개발공사 기획본부장의 구속과 관련해 “관리책임은 당시 시장인 제게 있는 것이 맞다”며 “개발이익을 완전히 환수하지 못한 ...
                    ", 2021.10.04
913,정치,"이재명 ""1호선·경부 지하화"" 이낙연 ""평양특사 보낼 것""",한겨레 ,"
                        결승선을 향해 달려가고 있는 더불어민주당 대선주자들이 마지막 경선 지역인 서울과 경기 지역을 돌며 막판 표심 잡기에 나섰다. 2차 국민선거인단 투표에서도 승리하...
                    ", 2021.10.04
914,정치,"홍준표 ""쥐어팰 수도 없고""..하태경 ""막말병 도져""",한겨레 ,"
                        국민의힘 대선주자인 홍준표 의원이 최근 대선 경선 토론회에서 자신과 대립각을 세우고 있는 하태경 의원 등을 겨냥해 막말을 한 사실이 드러났다. 하 의원은 “막말병...
                    ", 2021.10.04
915,정치,"국민의힘 ""두목 놔두고 행동대장만 구속하나"" 특검 파상공세",한겨레 ,"
                        국민의힘이 유동규 전 성남도시개발공사 기획본부장의 구속을 고리로 이재명 경기도지사의 대선 후보직 사퇴를 촉구하며 특검 수용을 압박하고 나섰다. 수사당국을 향해...
                    ", 2021.10.04
916,정치,식지 않는 '王'자 논란,한겨레 ,"
                        국민의힘 대선 경선 티브이 토론에서 세차례나 포착된 윤석열 전 검찰총장의 ‘손바닥 왕(王) 자 사건’을 둘러싼 대선주자 간 공방이 계속됐다. 윤석열 캠프는 “손가...
                    ", 2021.10.04
917,정치,"최근 4년 경제부처 공직자 금융권 재취업, 이전보다 더 늘어",한겨레 ,"
                        2017~2020년 기획재정부와 공정거래위원회 등 주요 경제부처 관료 출신들의 금융권 재취업이 이전 4년과 비교해 더 늘어난 것으로 나타났다. 세월호 사건의 주요 원인으...
                    ", 2021.10.04
918,정치,"남북 통신선, 55일 만에 재가동..관계개선 '행동' 이어질까",한겨레 ,"
                        남북 직통연락선이 55일 만에 다시 가동됐다. 김정은 조선노동당 총비서 겸 국무위원장이 최고인민회의 14기 5차 회의 시정연설(9월29일)에서 “10월 초부터 북남 통신...
                    ", 2021.10.04
919,정치,"윤석열 ""위장당원 엄청 가입""..컷오프 당원투표 앞두고 파문",한겨레 ,"
                        국민의힘 대선주자인 윤석열 전 검찰총장이 4일 최근 당원 급증 현상에 대해 “위장당원이 포함됐다”고 주장해 파문을 일으켰다. 오는 6∼7일 30% 비율로 반영되는 2차...
                    ", 2021.10.04
920,정치,"이재명 ""1호선 지하화"" 이낙연 ""대북특사""..서울·경기 막판 표심 공략",한겨레 ,"
                        [2022 대선] 결승선을 향해 달려가고 있는 더불어민주당 대선주자들이 마지막 경선 지역인 서울과 경기 지역을 돌며 막판 표심을 호소했다. 2차 국민선거인단 투표에서...
                    ", 2021.10.04
921,정치,"이재명, 유동규 구속에 ""제게 관리 책임, 깊은 유감""",한겨레 ,"
                        이재명 경기지사가 유동규 전 성남도시개발공사 기획본부장이 구속되자 “관리책임은 당시 시장인 제게 있는 것이 맞다”며 “개발 이익을 완전히 환수하지 못한 데 깊...
                    ", 2021.10.04
922,정치,"""조폭 잡을 때 행동대장만 구속하나"".. 국민의힘, 이재명에 총공세",한겨레 ,"
                        [대장동 개발사업 논란] 국민의힘은 유동규 전 성남도시개발공사 본부장의 구속을 고리로 이재명 경기지사의 대선 후보직 사퇴를 촉구하며 특검 수용을 압박했다. 수사...
                    ", 2021.10.04
923,정치,'대통령 질책'에..생계급여 부양의무 기준 폐지 속도내,한겨레 ,"
                        10월부터 저소득층에 대한 생계급여 부양의무자 기준이 폐지된 배경에는 문재인 대통령의 질책과 독려가 있었다고 박수현 청와대 국민소통수석이 밝혔다. 생계급여의 부...
                    ", 2021.10.04
924,정치,"홍준표 ""저 X, 줘팰 수도 없고""..하태경 ""막말병 도져""",한겨레 ,"
", 2021.10.04
925,정치,"문 대통령, 기시다 일 총리에게 ""한일 관계 미래지향적으로 발전 노력""",한겨레 ,"
                        문재인 대통령이 4일 기시다 후미오 신임 일본 총리 앞으로 축하서한을 보내 “한일 관계를 미래지향적으로 발전시키기 위해 함께 노력해 나가자”는 뜻을 전했다. 박경...
                    ", 2021.10.04
926,정치,"윤석열 캠프, 김의겸 의원 선거법 위반 혐의로 고발",한겨레 ,"
                        윤석열 캠프가 김의겸 열린민주당 의원이 허위사실을 유포했다며 경찰에 고발했다. 윤석열 캠프는 4일 공직선거법 위반(허위사실 공표)과 정보통신망법 위반(명예훼손) ...
                    ", 2021.10.04
927,정치,"윤석열 손바닥 '王'..""손가락 위주 씻어 안 지워져"" vs ""국민기만""",한겨레 ,"
                        국민의힘 대선 경선 티브이토론에서 세차례나 포착된 윤석열 전 검찰총장의 ‘손바닥 왕(王)자’ 사건을 둘러싼 대선주자 간 공방이 계속됐다. 윤석열 캠프는 “손가락 ...
                    ", 2021.10.04
928,정치,"이재명, '유동규 구속'에 ""매우 안타깝다, 관리책임 내게""",한겨레 ,"
                        더불어민주당 대선주자인 이재명 경기지사가 유동규 전 성남도시개발공사 기획본부장 구속에 대해 “제가 소관하던 사무에 대해서 이런 불미한 일에 연루된 점 매우 안...
                    ", 2021.10.04
929,정치,"[영상] 55일 만의 남북 직통선 통화 ""오랜만이고요..""",한겨레 ,"
                        [한반도 평화] “오랜만이고요. 이렇게 남북 통신연락선이 복원되어서 매우 기쁘게 생각합니다. 남북 직통연락선이 복원된 만큼 남북관계가 새로운 단계로 발전할 수 있...
                    ", 2021.10.04
930,정치,"[KSOI] 이재명 28.3%, 윤석열 28%, 홍준표 16.7%",한겨레 ,"
                        ‘대장동 의혹’에 따른 야권의 집중 공세를 받고 있는 이재명 경기지사가 윤석열 전 검찰총장과 대선후보 적합도에서 치열하게 경합 중인 여론조사 결과가 4일 나왔다....
                    ", 2021.10.04
931,정치,"남북, 55일 만에 통신연락선 복원..연락사무소 9시 정상통화",한겨레 ,"
                        김정은 조선노동당 총비서 겸 국무위원장의 “뜻을 받들어 해당 기관들에서는 4일 (오전) 9시부터 모든 북남 통신연락선들을 복원하기로 했다”고 <노동신문>이 4일치 4...
                    ", 2021.10.04
932,정치,"'네번째 도전' 심상정 ""주4일제 도입, 선진국 국민의 당연한 권리""",한겨레 ,"
                        네번째 대선 출마를 선언한 심상정 정의당 의원은 “양당 체제에서 대통령은 자기 권력 지키는 일밖에 못 한다”며 “내 삶을 대변할 수 있는 정치 체제로 바꾸기 위해 ...
                    ", 2021.10.04
933,정치,"윤석열·국민의힘, 유동규 구속에 ""이재명, 특검을 자청하라""",한겨레 ,"
                        [대장동 개발사업 논란] 국민의힘이 ‘경기 성남 대장동 개발 특혜 의혹’ 핵심 인물인 유동규 전 성남도시개발공사 기획본부장이 구속되자, 이재명 경기도지사를 향해 ...
                    ", 2021.10.03
934,정치,"이재명 ""유동규 측근 아냐""..야당은 '심복' 규정하며 특검 압박",한겨레 ,"
                        [대장동 개발사업 논란] 검찰이 ‘대장동 개발 특혜 의혹’의 핵심 인물인 유동규 전 성남도시개발공사 기획본부장 수사를 본격화하면서, 이재명 경기지사의 관련 여부...
                    ", 2021.10.03
935,정치,"국민의힘, 유동규 영장심사에 ""이재명도 공범"" 공세",한겨레 ,"
                        3일 ‘대장동 의혹’ 사건의 핵심 인물인 유동규 전 성남도시개발공사 기획본부장에 대한 검찰 수사가 본격화되면서, 야권은 유 전 본부장과 이재명 경기지사의 연결고...
                    ", 2021.10.03
936,정치,"이재명 ""대장동 사태가 제 청렴함과 국민을 위한 정치 증명""",한겨레 ,"
                        [2022 대선] 더불어민주당 대선주자인 이재명 후보가 ‘대장동 특혜 의혹’ 논란 와중에도 ‘2차 수퍼위크’에서 압승을 거두며 ‘결선투표 없는 본선 직행’ 가능성에 ...
                    ", 2021.10.03
937,정치,"이낙연 ""일주일 남은 경선, 최선 다할 것""..'3차 슈퍼위크' 총력",한겨레 ,"
                        [2022 대선] 더불어민주당 대선주자인 이낙연 후보 쪽은 ‘2차 슈퍼위크’ 결과에 실망한 기색을 감추지 못했지만, 남은 경기·서울 경선과 ‘3차 슈퍼위크’ 투표에 마...
                    ", 2021.10.03
938,정치,"이재명, 2차 슈퍼위크도 58.17% 압승..본선 직행 유력",한겨레 ,"
                        [2022 대선] 더불어민주당 대선주자인 이재명 후보가 3일 ‘2차 선거인단’ 투표에서 득표율 58.17%로 압승을 거뒀다. 이 후보는 이날까지 누적득표율 54.9%(54만5537표...
                    ", 2021.10.03
939,정치,이재명 2차 선거인단 58.17% 득표 1위..누적 54.90%,한겨레 ,"
                        [2022 대선] 더불어민주당 대선주자인 이재명 후보가 3일 개표된 2차 국민선거인단 투표에서 득표율 58.17%로 1위를 차지했다. 이재명 후보는 이날 인천 송도컨벤시아에...
                    ", 2021.10.03
940,정치,"윤석열 '왕(王)'자 논란에..홍준표 ""부적 선거 포기하라""",한겨레 ,"
                        국민의힘 대선주자인 윤석열 전 검찰총장이 당내 경선 티브이(TV) 토론 때 손바닥에 ‘왕(王)’자를 적은 모습이 포착되면서 당내 주자들 사이 난타전이 이어지고 있다....
                    ", 2021.10.03
941,정치,"북, 유엔 안보리 비난 담화..""명백한 이중기준, 강한 우려""",한겨레 ,"
                        조철수 북한 외무성 국제기구국장은 “유엔 안전보장이사회가 강도적 미국식 사고와 판단에 치중하며 이중자대를 가지고 조선민주주의인민공화국의 자주권을 또다시 침...
                    ", 2021.10.03
942,정치,"윤석열 손바닥에 '왕(王)'자..""'오방색 타령' 최순실과 뭐가 다른가""",한겨레 ,"
                        윤석열 전 검찰총장이 지난 세 차례의 당내 경선 토론회 때 손바닥에 한자로 ‘왕’자를 쓰고 임한 것을 두고 당내 대선주자들이 맹폭을 퍼붓고 있다. 홍준표 의원은 3...
                    ", 2021.10.03
943,정치,여당 사람들이 윤석열보다 홍준표를 더 버거워하는 이유는,한겨레 ,"
                        내년 3월 9일 대통령 선거의 승자는 누가 될까요? 이 질문에 답변하기 위해서는 먼저 더불어민주당과 국민의힘에서 각각 진행 중인 대선후보 경선에서 누가 이기는지 알...
                    ", 2021.10.03
944,정치,연천 부대서 '돌파감염' 41명 발생..휴가 장병 통해 전파돼,한겨레 ,"
                        경기도 연천에 있는 한 육군 부대에서 코로나19 집단감염이 발생했다. 확진자 46명 가운데 41명이 코로나19 백신 2차 접종까지 마친 돌파감염 사례여서 군 당국이 긴급 ...
                    ", 2021.10.03
945,정치,노무현 정부 '미완의 종전선언'..과연 이번엔 실현될까?,한겨레 ,"
                        “우리는 한국전쟁 종전선언을 할 의사가 있다.” 2006년 11월18일 노무현 대통령과 조지 W. 부시 대통령이 베트남 하노이에서 한-미 정상회담을 했다. 그리고 백악관 ...
                    ", 2021.10.03
946,정치,"'연승' 이재명 ""곽상도 사퇴는 꼼수, 장물 나눈 자가 도둑""",한겨레 ,"
                        대장동 개발 의혹이 커지는 가운데서도 이재명 경기지사가 2일 열린 부산·울산·경남 지역 더불어민주당 대선후보 순회경선에서 과반을 득표하며 대세론을 이어갔다. ...
                    ", 2021.10.02
947,정치,"이재명 부산·울산·경남서 55% 득표, 또 1위..이낙연 33%",한겨레 ,"
                        이재명 경기지사가 2일 열린 더불어민주당 부산·울산·경남 지역 대선후보 순회경선에서도 과반 득표하며 ‘대세론’을 확인했다. 이날 오후 부산항 국제 전시 컨벤션 ...
                    ", 2021.10.02
948,정치,"윤석열 손에 임금 왕(王) 글자..홍준표 ""쯔쯔쯔, 주술 의존""",한겨레 ,"
                        국민의힘 대선주자인 윤석열 전 검찰총장의 손바닥에 ‘王(임금 왕)’으로 보이는 문자가 적힌 것이 지난 1일 당 대선 경선 텔레비전 토론회를 하는 과정에서 그대로 노...
                    ", 2021.10.02
949,정치,"곽상도 ""제 아들만 특혜라 할 수 있냐""..의원직 사퇴",한겨레 ,"
                        판교 대장동 의혹의 핵심인 개발 시행사 ‘화천대유’로부터 아들이 퇴직금 50억원을 받은 게 드러난 곽상도 의원이 2일 국회의원직에서 사퇴하겠다고 밝혔다. 곽상도 ...
                    ", 2021.10.02
950,정치,[뉴스AS] 왜 성남시는 '초과 이익' 2200억원을 환수하지 못했나,한겨레 ,"
                        경기도 성남시 대장동의 민관 공동 주택 개발 사업에 참여한 자산관리회사 ‘화천대유’와 여기에 투자한 특정금전신탁 ‘천화동인’을 두고 정치권이 공방을 이어가고 ...
                    ", 2021.10.01
951,정치,"국민의힘 '곽상도 제명' 자중지란..곽, 오늘 회견서 사퇴 가능성",한겨레 ,"
                        아들이 화천대유에서 50억원의 퇴직금을 받은 것으로 드러난 곽상도 의원 제명을 두고 국민의힘이 자중지란에 빠졌다. 국민적 공분을 피하고, ‘대장동 특검’으로 가는...
                    ", 2021.10.01
952,정치,"정의용 외교장관 ""'이중기준 철회' 김여정 주장, 바람직하지 않아""",한겨레 ,"
                        정의용 외교부 장관이 1일 최근 김여정 조선노동당 부부장이 대북 적대시 정책 철회 및 이중기준 철회를 요구한 것은 “바람직하지 않다”고 밝혔다. 정 장관은 북한을 ...
                    ", 2021.10.01
953,정치,"""주워 담고 싶은 말?"" 질문에 윤석열 ""되돌리고 싶은 거 없다""",한겨레 ,"
                        1일 열린 국민의힘 대선 경선 토론회에서 윤석열 후보는 고발 사주 의혹과 김만배씨와의 친분 등을 집중적으로 추궁당했다. 윤 후보는 다른 후보들의 예봉을 피하며 홍...
                    ", 2021.10.01
954,정치,"강경화, 국제노동기구 사무총장 출사표..당선 땐 '여성·아시아 최초'",한겨레 ,"
                        강경화 전 외교부 장관이 국제노동기구(ILO) 사무총장 선거에 출사표를 던졌다. 그가 당선될 경우 ILO 103년 역사상 첫 여성 사무총장이 된다. 외교부와 고용노동부는 1...
                    ", 2021.10.01
955,정치,"박수영 ""유동규·정진상·김용·김만배, 대장동 '도원결의'""",한겨레 ,"
", 2021.10.01
956,정치,"이재명, 제주 경선도 56.75% 과반승..대장동 의혹에도 대세론 유지",한겨레 ,"
                        더불어민주당 대선주자인 이재명 후보가 1일 열린 제주 지역 대선후보 순회경선에서도 과반 득표로 승리했다. 이 후보는 이날 제주 난타호텔에서 열린 순회경선에서 56....
                    ", 2021.10.01
957,정치,"국민의힘 '곽상도 제명' 내홍..곽, 오늘 회견서 '자진사퇴' 가능성도",한겨레 ,"
                        ‘화천대유 퇴직금 50억 사건’으로 탈당한 곽상도 의원 제명안을 놓고 국민의힘 내부 갈등이 깊어지고 있다. 탈당한 의원의 의원직 박탈까지 추진하는 건 지나치다는 ...
                    ", 2021.10.01
958,정치,"정부, 아프간 조력자 동반가족 중 미성년자만 입국 허용했다",한겨레 ,"
                        정부가 지난 8월 말 아프가니스탄 현지 조력자들을 국내로 이송할 때 이들의 미성년 자녀들만 동반 입국시킨 것으로 뒤늦게 확인됐다. 정의용 외교부 장관은 1일 오후 ...
                    ", 2021.10.01
959,정치,"""평생 여성 위해 일했다""는 홍준표 ""여성가족부 통합, 할당제 점진 폐지""",한겨레 ,"
                        국민의힘 대선주자인 홍준표 의원이 1일 여성가족부 통합과 여성 할당제 점진적 폐지를 주요 내용으로 하는 여성 공약을 내놨다. 여성층의 미약한 지지를 만회하려고 내...
                    ", 2021.10.01
960,정치,[갤럽] 문 대통령 5년차 2분기 지지율 39%..역대 가장 높아,한겨레 ,"
                        문재인 대통령의 집권 5년차 2분기 국정수행 평균 지지도가 39%로 조사됐다. 역대 직선제 대통령 중 같은 기간 최고치다. 한국갤럽이 지난 28~30일 전국 성인 1002명을 ...
                    ", 2021.10.01
961,정치,민주당 부동산 의혹에 무더기 탈당 권유 '화려한 말잔치'로,한겨레 ,"
                        송영길 더불어민주당 대표가 국민권익위원회(권익위) 조사로 부동산 불법거래 의혹을 받았던 9명 의원이 무혐의 처분됐다며 ‘신속한 복당’ 방침을 밝혔다. 그러나 실...
                    ", 2021.10.01
962,정치,"문 대통령, 국군의 날 맞아 ""군 혁신의 핵심은 인권""",한겨레 ,"
                        문재인 대통령이 73주년 국군의 날을 맞아 “군 혁신의 핵심은 인권”이라고 1일 강조했다. 문 대통령은 이날 경북 포항 해상 마라도함에서 열린 기념식에 참석해 “서...
                    ", 2021.10.01
963,정치,"국민의힘, 정영학 녹취 일부 확보..유동규 천화동인 실소유 의혹제기",한겨레 ,"
                        대장동 개발에 참여한 정영학 회계사의 녹취파일 중 일부가 국민의힘에 제보된 것으로 알려졌고 ‘이재명 경기도지사 대장동 게이트 진상조사 특별위원회’ 소속인 윤창...
                    ", 2021.10.01
964,정치,"""조선일보 'BTS 열정페이' 보도는 새빨간 거짓"" 탁현민 반박",한겨레 ,"
                        ‘미래세대와 문화를 위한 대통령 특별사절’ 자격으로 최근 유엔총회 등의 행사에 참석한 방탄소년단(BTS)에게 정부가 비용을 지급하지 않았다는 <조선일보> 보도에 대...
                    ", 2021.10.01
965,정치,현행 거리두기 2주간 연장..두 차례 연휴 감안,한겨레 ,"
                        정부가 수도권 4단계, 지역 3단계 등 현행 거리두기 단계를 2주간 연장하기로 했다. 김부겸 국무총리는 1일 정부서울청사에서 주재한 코로나19 중앙재난안전대책본부 회...
                    ", 2021.10.01
966,정치,"김정은, 시진핑에 건국 72돌 축전..""적대세력 반중대결책동에 중국 지지""",한겨레 ,"
                        김정은 조선노동당 총비서는 “우리 당과 정부와 인민은 적대세력들의 광란적인 반중국대결책동을 물리치고 나라의 자주권과 발전권, 영토완정을 수호하기 위한 중국당...
                    ", 2021.10.01
967,정치,"북 ""신형 반항공미사일 시험발사""",한겨레 ,"
                        북한이 지난달 30일 신형 반항공미사일을 시험발사했다고 밝혔다. <조선중앙통신>(중통)은 1일 “국방과학원은 9월 30일 새로 개발한 반항공미사일의 종합적 전투성능과...
                    ", 2021.10.01
968,정치,"""최순실 사건처럼 검찰 '고발 사주' 의혹도 결국 진실 드러날 것""",한겨레 ,"
                        ‘윤석열 검찰’의 고발 사주 의혹을 첫 보도한 인터넷언론 <뉴스버스> 사무실은 서울 마포 한강 변의 17평짜리 작은 오피스텔이었다. 직원이라야 대표인 이진동씨 빼고...
                    ", 2021.10.01
969,정치,"""상도 수호 없다""더니..소동으로 끝난 국민의힘 심야 긴급 최고위원회",한겨레 ,"
                        이준석 국민의힘 대표가 30일 밤에 소집한 긴급 최고위원회가 별 다른 결론 없이 마무리되며 한바탕 소동으로 끝이 났다. 이날 회의에 불참했던 일부 최고위원은 최고위...
                    ", 2021.10.01
